3181
828583178 805833374
828896706 62683190
796633159 881876244
789818866 862684506
814639001 87278137
747067817 604844644
952622709 624848581
417059534 363982704
473919700 521583829
204786955 665108793
188000690 48366696
671093840 111848354
106070415 852115423
523590477 54766641
988689649 422800005
647305723 266847375
121973472 788936452
216857620 659199242
650177384 736821229
995123094 446203667
104048154 69436466
492856132 129599424
1689740 315386283
830801189 932106827
14263509 739954581
20173059 607275665
319072274 396357902
19439341 658106260
328507619 847533978
430694838 267628025
237934062 969743777
382633331 564804234
23112795 16643823
11361793 970939574
182689367 912131378
464299389 512803084
4192148 288384639
280791754 880094148
353443264 268082125
33293840 490619702
725488412 549693817
754874677 37462114
860000480 384500673
922782317 748858213
912841678 225132873
154556072 130200073
782558378 823680409
385900062 860837430
181808829 853511068
835304648 67103867
453297748 571086883
155756774 930308742
614680383 779738208
331121017 375362992
516846419 317309036
506424522 652214642
378296553 657542593
78907105 145827817
990742876 444551616
313040911 520537687
300801934 362713132
183765861 651186081
326162020 87262637
407436602 888600274
784658246 201046607
627177897 480070038
910338208 487498752
491016977 29757633
866976867 42225431
327202963 966294725
611360388 834261702
342906007 345312318
501470076 159612846
494271304 954387049
428308167 545023564
27631381 646268841
692361573 27544965
470159660 154951170
330457180 473936158
734624777 918600606
407726900 571191365
9778661 352714059
465488506 898389002
281005374 678975738
8272959 37883871
489185623 171956289
219755668 579440157
24658103 108831450
13260312 836354686
744691624 579524898
500039264 117542052
72115387 188645019
529381011 376203920
428554557 723973227
646526931 12677420
44118986 684524506
311386057 791711936
142889658 217413848
714633506 430019456
20952751 282774644
822516238 486634493
500395269 343269222
535202497 997911984
644360809 18610824
221223926 710236532
110910787 969481043
922879335 204492808
62782018 894597742
937927766 323312784
10753240 682650140
588632583 195673876
770751933 456978119
145410628 227196672
575631722 143336317
569319896 393219490
448075423 782754927
630574356 276609200
581045470 73009523
66729549 850177215
610224878 392409219
191128668 487933901
557911384 314480700
876851484 237435832
300160237 752880224
359895024 99320004
779154750 39685206
7889978 273127450
517501731 43258277
96495589 926473795
320205621 736601210
551821788 488058289
57636947 436178986
216427665 54150967
414462497 638422441
7572599 507430539
14930310 379774480
304240264 339333322
292628776 562698014
78898880 184949493
326764538 436813235
995190432 545139309
537979822 119443543
365978540 810967419
645328186 566487473
888092141 106680779
73215835 992666384
647394927 951525100
808013578 184680165
974685636 707424465
220859918 632283974
14112898 877786707
266687853 445949037
478810043 971175852
206402033 978132792
930139026 552499454
295673002 82666407
211834278 891153610
849660264 4435808
440239515 838170233
904725828 907737134
559411610 890453207
773186840 443844222
304506064 409947283
973243394 432971744
541910509 882641600
757338597 257966476
58459048 184891223
531886568 593062619
96202036 405864370
653584629 287733706
64212 234791187
896883771 363531130
209799746 904502043
592191405 92768946
618741577 994406995
509334657 190096988
907647022 494863015
42915761 233141764
582251072 174088678
438026365 48978013
312613453 541741635
96562919 255795131
796959531 410600663
218704438 286324889
148278323 423848989
377999219 976594964
542373825 811097716
135892975 342099054
504623541 889342113
254230460 319437197
752469493 308654154
283194415 294736761
45817067 968902268
42185316 966547682
928998397 17760294
697593274 289994136
70873123 257260187
69342803 829207825
349206606 852335124
419919765 601541863
16468472 121241643
807839404 698120022
347720093 102382690
850280709 691527106
74955070 612845722
861256405 82514735
155717343 494324637
513719696 418389704
623598345 603286420
320083570 565843545
256393033 30500498
562836729 171264212
137524399 64812807
895924585 571046096
371581520 270758476
617354055 3923206
692667332 204848926
686895070 863595729
669900712 761562652
45575872 474343094
583880221 379137608
754475576 390770394
827084616 580394891
951306723 294807430
901394896 373232945
962651418 710825384
160352611 986120297
455376763 23890769
296547633 536935111
112118121 758391351
983610991 110708930
830043787 421922355
484529878 844524597
369585227 200101828
151953185 609732322
338034777 363736715
10048405 29164267
959334181 642343885
7058032 132826967
809529960 194432244
455272573 717104786
445136796 396983823
626165643 47867117
259782271 789507149
868810474 635566363
85620628 57859719
694225389 206559411
539843234 468167090
383950958 599460529
747150643 118957935
121482569 152259060
28251927 496075904
869094622 719501249
890747613 772163912
546687891 328015422
912560224 924692051
545602640 462504696
1097018 230373070
28589826 63359326
397607749 725342986
564551449 933176643
499758377 599147261
696726025 929504608
839497930 71045313
846069196 713350608
26592212 421018387
295333726 431463059
584901685 470808533
213377344 291160587
500485791 178370188
907686391 731987842
473971977 608643810
822127242 47795618
32169262 280192806
500430087 195778811
753520397 772966087
778412798 391737984
501003112 122513629
573785091 40142859
137185861 843283104
715295793 819128532
172925296 370119151
927238818 879002622
234836726 424171466
705949688 48168714
277205931 943473368
867525848 373622370
317968805 53715426
397865065 448129488
845521599 78788181
416345818 145293060
675300120 263511749
220633049 657429521
846422929 905105765
444863772 909636080
599296082 639428239
446736604 12971772
466827078 840856387
660366420 389714293
668022426 29419936
251784775 831504893
172645186 318031212
814045560 966397470
731866996 604123793
69910834 28061891
842791210 769100702
835400123 148825785
47581348 138482242
285821674 692288823
682489573 466023381
966474387 372291667
634072114 72206800
32384783 75330441
725829270 23258703
822190517 542674488
963860576 275372693
513870188 797810213
675428002 384587144
598426902 465514998
392288180 919845937
877541404 615293880
109953456 809733694
132350698 980253530
365660404 802721920
757926258 68720433
766205602 82413421
110627240 873078897
260452131 70039456
779764228 102316473
230641824 939405907
55879684 232752520
738509192 982670315
470953639 787998400
663615245 541215341
608607474 584387883
660356007 197680641
544273518 721897459
343612815 269886839
440002472 729049128
440495429 50282175
884170928 748663614
244108299 494568302
681187227 98887052
34097767 98135871
680900866 800703694
946247333 705715856
762682496 39090341
145079122 66389729
712280888 32419600
625831362 722942809
695703116 352090876
212757644 318699330
256703847 175508146
556068361 829421703
132982068 169089122
693509848 212265533
448437733 304653984
947007581 832216855
650262957 568296163
47689023 306011120
117093190 192894983
5872100 196653637
511960172 782717132
947277567 347269816
216599647 445794901
513780738 327843727
173942373 408098473
410485667 479733554
738381894 488230709
296342621 409988785
270418127 611104584
9436400 303948859
845401679 846114454
947567834 761909672
674202909 41970103
635662053 85198577
80301584 59340452
448273309 823669938
631219461 42840385
76989902 887838383
646897501 184699853
816218892 364654156
41924734 855325555
4100143 414469395
28420683 487700669
724152779 691416882
300744631 681422875
736022214 656401914
785268528 798031457
2922690 486986338
872599339 817361734
964471456 511537025
25599138 569893862
480419088 240004376
837370765 714198337
371632383 213801478
981889393 90080954
411075616 231513809
466395089 185828504
133269864 393381924
997886135 612280968
314976148 669229388
209282862 617033242
831709089 63676089
588971463 196053312
259478353 747804803
828091671 802454738
442327981 50236132
723687991 283812620
993550206 930783925
310437187 302223886
910574035 608945149
737144795 466095707
860782718 937191519
445920165 649940314
769813142 150222757
612182217 763381720
228431606 949447741
518208627 118070405
644244157 4390329
40425301 686522995
548077517 674061133
660239394 294767514
161846092 629651028
703481364 444790614
194634790 549313739
914714471 849237223
236296584 599008213
38763998 6174192
43302760 805954101
294728503 739684600
53464313 29208792
668534721 305558509
13705524 527562568
139101382 495232668
58261852 346305080
534272280 157539642
15126388 5982208
25390989 202382046
678785725 862540566
883099511 685728772
48720968 506978970
756516665 713122060
649361760 320293068
328640178 88117433
373616665 846603156
937710535 557910707
734685129 616476921
279929567 213996037
830482315 9660842
667944296 374880159
569091261 420490104
780750930 255380693
270307714 873362394
969396882 896460255
938310465 677161576
643939232 102771799
910162212 604535648
626495994 936198590
692251290 445956644
806680991 479228407
950912470 457245626
615287445 744256970
100791886 256375115
169785187 926991714
80399164 538618532
16284058 67776720
987624992 94836920
27019842 15694470
681253180 16363037
74929271 63858652
422340119 612596618
977960912 476435342
449072123 105852511
778417385 950125116
518043255 38592285
914648546 409726185
42589149 646650345
252349665 327699837
49664455 756265741
524796558 198504771
70656906 573137271
632521878 126442347
661642950 847833401
204510248 863565705
857547233 564778503
608965755 223222805
223554687 670877116
192655686 902831337
93611532 959234774
929092934 723447238
816768565 845098741
705032380 720655567
821674863 812891488
236900332 21586701
647459182 239238528
994705823 614283496
129150894 182351202
575786402 9157300
549521390 399821882
560380741 908286242
19436209 258802907
6727645 135183818
897648569 317212735
353856834 14959017
735021207 281100293
258578513 761565084
667697942 854360302
767045484 642333929
555568586 890897759
419924213 781283255
792055946 586364899
692498902 2061715
563114734 46056359
294478844 194830824
72880346 229323002
878611672 648715406
850180840 301939670
535225309 170936379
316141830 627475026
842797316 982704908
580334812 19688749
631268171 33057024
760829530 739566663
79468337 15773305
269782064 278939943
115780924 246329535
696996439 994476406
341626996 726427775
847861897 12292481
847695077 67870281
42481350 204261052
406296097 120501519
570027467 360739386
703356347 164755113
108339621 66906422
504052173 439002708
520760348 512610700
153410419 969548590
175499583 636954688
305354062 71225532
452939745 59332088
249262594 593316707
112775191 123517305
128719544 762500849
69400512 908372021
610127260 328377622
880009971 729349309
1221728 969889252
936011417 638574406
630713016 487867475
293245654 563829289
866370780 627546304
910749590 486913124
689333769 539618153
675382535 146070554
423286528 575960818
56811549 482828559
134597765 314301155
400450313 391511853
777326050 474869287
776884173 582236417
640838498 139633039
470002339 598671935
57965272 11334221
20862608 802028090
973643795 974613626
352812505 730936941
774197105 107560336
494059658 280272117
345352270 248665840
266203889 476892948
22642571 907812957
422571040 631808943
696611335 585841279
236643438 458306000
326657842 838717794
56255478 713714470
388295541 275480308
234045718 217073280
139314370 38531980
729165554 54538327
778031884 922446428
305945583 496650048
682702540 122640389
698916921 767152765
985827200 65204484
711539773 155127918
8329768 760244797
649439023 904445719
175822792 973800824
982478213 594538661
573875176 144860129
604086138 298264034
911495959 972875910
56807308 526153923
787296612 865938140
59875582 62622940
700160227 165673275
708339287 399887333
510007342 305818462
269078497 137747518
717039841 494699748
17050155 390885224
117175837 437348305
78556296 161958536
570831622 507221773
240867214 533732073
631931205 442190052
358933399 15681144
585230215 858179972
359776067 856852549
638507004 66088323
917544436 29719817
859686617 149197910
505157201 442745753
711282902 826882779
632737988 340296055
329642416 431922640
20184062 783547202
327830184 780069977
809209195 23712578
122091779 899484286
446610377 546557917
150633608 21554091
17368977 787747364
468528645 168348974
27619199 3384392
13747658 822114493
301192981 622379549
839217709 707426029
252159261 90467742
130940420 245189052
533718049 638699880
77301550 382273288
652826863 395707197
155862282 18727191
108796697 203476611
828202750 105855756
276460406 366603970
390320882 931846006
517884578 220549674
9825234 751066821
334374777 517946379
844548111 485294027
41532832 44072794
758280223 63970369
41927166 418892083
297794808 878041922
326339385 833747794
750735001 314362829
678652996 974329496
727437954 920590150
76572369 320550284
929651255 913425397
17602518 264378071
735171 390170502
557084686 456931271
268183085 695708040
312226424 120979150
230485002 165017070
358843093 34993664
199579119 200753041
208995373 893228440
56322803 210989739
902006602 189275763
456158515 733525854
176998716 508200083
484352080 789750827
127418835 236218782
277520367 203718779
494338600 47373662
21153335 445454106
147202837 29335614
692068950 776214711
308921272 290905041
103087868 433786469
936482804 798645582
356382942 415161373
993494768 441864717
935372084 561304378
467622294 653654541
57966142 534598907
911636757 744316015
552803253 393381124
213106016 422330872
333555044 763923422
920243116 838582162
322510227 462252402
984810742 933155019
193062285 155801490
209093755 895615573
783158819 253574256
920825406 927837316
811331114 541502757
729927045 677494227
705677563 488308780
988169052 416879967
662406386 223014884
888063249 745172331
448393711 35605778
822258358 813880794
948871128 549273948
45646757 445398712
17693463 341975503
8498419 774476466
367080722 682021209
434331136 192438681
981067457 196883280
69004532 625941219
610208534 951037418
510873901 528439337
896021385 161889475
670647773 353613738
60131479 840995674
796341871 110216903
223449152 557371283
832903959 808975493
363922570 199375927
84189516 138363918
682768894 522953583
840997447 622532400
125670950 444379469
869235079 196683997
17517591 299361860
527459152 633315241
409494751 404265387
892095271 533717071
350913052 288754749
406299223 801433645
578648170 746523292
789517936 49526723
467346408 115220425
733732803 342576440
577308859 890754990
7525865 724905685
578107788 906596756
568414263 9667975
64848906 216785581
861618257 239388513
676653408 59771020
53224600 79622680
328683719 346221480
818754739 695391622
599134710 38758365
549575180 487353896
861059499 981885162
483880530 162549663
158767653 623939827
476416504 960339763
903258538 41824001
881746612 328015435
353517825 857493374
813480449 78824694
22419451 236130490
296147869 188410982
279244256 587500904
940289035 778832239
24189454 611180321
846579473 478738189
485195862 971190496
917974587 822792411
87421338 978739588
32409431 585620892
960733241 240137810
549677816 449743286
119145623 976559472
531022579 828961202
195562909 277053547
588527845 362314942
520492855 202581682
668087467 448464683
683077847 307636249
724527848 786996463
468087793 496562007
994442114 959530019
464202365 255904903
792207397 534763398
122029432 705566635
125168319 918155513
778183523 878437156
905188354 356410370
760424130 39632444
242637285 350636105
827858078 677316509
516386339 929338397
618263300 353095639
788329659 887539440
61472644 329534429
699798127 844309462
390436275 910481288
744295237 529267723
454274473 673384467
63612683 34619243
144972420 667930270
915169736 222714103
200429795 695478955
957961814 615269717
530693483 555019428
840794313 774242640
289516358 886016083
683031292 238531157
764066463 387807080
4654350 836541173
345958183 151956470
549491680 80565606
910892691 76616438
115142554 263822850
910583580 245999299
12769320 49439687
946869758 834212253
944928180 246260948
353605113 532242471
659669812 624493809
891698643 14875113
465391839 222903304
377796308 267740621
637550767 506511013
943289160 543639717
349245154 163394171
783627521 884358052
493822076 309668063
538321874 50565858
736354753 702146890
677540885 754265048
457340095 916868058
633969958 636169192
367554498 51323858
753344486 692754134
498969565 319076886
620748089 448208713
14211434 577689520
205651080 871285579
465985660 191979598
604332608 520728271
96140153 346586305
84784721 951725605
216050049 661378431
466025135 982265991
479353595 772594978
210219477 220551824
825354769 437627623
70634303 42346688
946723122 311158064
378297321 944284154
427630992 170834946
105844957 568400389
627184035 35432841
496531875 987563022
791165860 437780110
806292678 556061988
203715603 180234503
717715543 389740219
10196531 802247304
276641899 779766058
973608071 14118603
500612506 425342509
860701534 23136301
363144066 631886692
688061252 88291374
891516738 517182674
934344077 114762231
271846912 404459358
128480464 255979216
363359075 518015829
625292134 776290471
997636122 349742822
19751406 69117581
318949459 844613797
412071372 935679801
89731652 814293513
90572709 355105666
930084006 464716270
917766629 326633705
375893301 225818388
281501497 55880717
197877554 252396190
897005845 622773044
433015265 596056723
879093295 657418441
529649418 974650464
591292674 202968536
89909628 138760021
502656588 954836116
283128710 204576547
789339024 728226514
561708412 920188517
533458325 408216715
343045176 45512469
814147302 833345118
288872342 403349264
953929296 350294027
34240249 453983902
804404583 556054265
440367552 172168933
482033408 899629234
108356056 111426160
775044536 397643106
752805421 696924591
178286 20910683
394168111 115873142
751616703 383325331
738324306 394871164
173588376 101872420
268310929 190035677
904229793 196444619
892667878 59250329
174051785 570979178
231770579 889216019
608179139 386487431
681906909 846176146
298293380 179410379
896672011 514123972
725799625 355772035
824128363 113774902
323340174 356491042
973033614 614151901
519085208 641301437
202284295 146423440
640497389 48733326
624165359 752576139
5513049 901124721
293626724 772696302
242430692 854173034
527296261 788344380
797052265 49066781
8814714 573345756
78400506 377964372
933808613 10444957
529402227 683442301
826087032 236863785
41049333 218806825
729865443 124432024
848845404 631752591
146856921 546040032
879348948 29670919
791874196 755405661
398739783 600657807
356077392 364683599
775355106 799421769
899466702 992413785
248986521 15608315
735188434 67090692
109638306 692024462
943249829 965010232
808813304 376111759
744002708 229471432
890522074 549458609
59371376 829911015
887336265 21294921
154714378 354286508
372095629 804927697
689721535 905396372
48958131 706429029
260042987 414452476
852062978 542962249
863818605 731774378
526413716 221171809
785984042 282645573
142370237 855243959
37916043 279131608
576233624 39867386
26342141 865376084
293247363 679483385
671724400 81767947
317851297 87075371
345416153 16099382
211384665 155309610
772747697 298594670
89263317 19161653
796110195 890482998
88843396 758016937
472841506 847339888
507329177 63831440
475397312 7165157
463978122 64421650
15065816 464946621
454493073 817650684
805877493 234181643
207699758 476805441
961599528 63298626
434411427 495644534
301568903 218335162
952910455 767317333
959138472 715548973
558543604 802855483
70593066 150757180
786323625 507179177
315813933 569460458
680357352 552323271
728220373 122142239
824890953 200727260
61328589 350156326
529599781 94290391
383591867 183342639
55302686 346072522
639202519 273133006
920310160 376698473
142797650 479704955
468127527 495531407
630290662 178531088
663668813 931942842
21627473 311271502
413112495 463540362
445094350 739049816
997268162 10979654
858747303 414731574
438650426 460894038
679061156 372992595
350707347 86502602
892290191 949946624
573337996 155241682
25368251 746984943
922019238 470529604
525418108 560741560
386504873 952710682
778099114 468154967
222170656 670325233
681687331 803684268
196160984 763533963
376350534 586589178
872976997 522376781
718061176 913876841
129492893 578673601
128569251 434931077
3725595 326566933
706697394 86611900
257003710 309026203
51626264 983680995
122832167 980543048
495280708 832672434
726915134 67144758
783927861 680434243
662275501 892566048
915166692 522832023
825368932 6542317
161940948 952893969
259286547 410781468
694132360 111831033
184636339 824573788
133402376 974269178
111517182 883781369
885843811 51487654
64708852 675317604
817651495 18803949
890446162 499580339
708799467 56095911
971310885 304108832
565995461 448466451
727773237 862501256
902055892 47823951
306363537 255158765
391209656 68412637
718464779 685028084
638076693 258796069
354608059 932182376
880222740 818740724
760090235 216683701
878130658 323483130
196782441 585152878
181100591 351180361
760736615 304755655
211726511 749592026
64921246 813183515
579375004 15781640
773017335 380985192
359298099 199754769
402819233 256282062
42806067 700317083
54863502 743125268
937831777 920602925
926691573 98363683
945063430 406610355
424856530 541957257
669010287 287038459
759084385 980099831
536583020 90167610
27593385 62685123
734250450 600115592
710924265 985803879
742317817 941702751
615605043 859304704
614301759 631541024
194170579 72505552
779783299 152633743
904623579 520132797
370804395 52617298
577541282 204221903
514553886 713030005
265467715 318238133
780560203 642255593
25652766 117453633
594402848 808301312
300666449 50482921
248381587 52570355
780676167 824132419
436089629 396050780
609955369 24539538
310300986 164211900
370284647 377018930
507114474 266407414
71998516 487899437
398706739 441895634
668280833 446588587
312210845 28846204
904819214 688435066
124392628 552414722
881187546 12589451
675394954 393746138
947587493 787248757
484374067 867521881
829969655 867087855
652716358 85599549
573600026 140591193
774704227 376909348
10563229 232415540
887754407 271988242
45579989 581419430
872589114 43770863
949306450 559117048
524663746 402985479
281369972 111118615
296457964 791359624
747144921 70253335
563572458 492779528
504264675 550162345
487881712 416164860
877677369 43025324
773463734 180170050
860958021 155732122
650745594 164437144
878680758 311819543
900483579 10289955
777203454 198766951
33003774 571524840
634159829 812315124
801720269 126261590
91757236 803070412
208335667 522304955
508257627 10820385
579737473 67307978
264587852 5708743
915384076 606581276
405784653 38445498
716615853 312827051
215884778 333798292
192091711 32260952
980297201 751598874
60838693 637920871
755493364 348710832
952226497 54265087
547110090 939836129
256300798 173892009
421956367 149053657
382201543 519094489
585981855 239036651
507968654 763608928
985625119 431100428
812731590 736256759
506905972 634187093
937245801 653391545
66475594 475611269
189493107 22569894
5345168 77426813
568694628 69602080
932154100 429390786
797034946 57822577
975342450 138478846
685631125 984075841
821088195 365817215
803311338 18717477
865017573 770310070
669068113 469814283
740106396 419178938
836207198 639433167
663059437 442943427
279764780 834895531
230294947 918814383
896550869 419636926
33160909 573089408
865911803 461876364
722199358 375702748
492254018 685046653
595675148 289445771
128857043 310837853
301386258 985640701
920230107 647534043
693144686 861837506
847081738 832201482
285165315 173316624
31726869 687370723
893117688 466844224
273053236 27127234
61794617 390389073
956499109 339491299
901193455 764358244
4914217 729530349
77267987 659593790
425886848 575411816
769100760 589470153
383269879 740024637
559389499 4014740
718246362 716308030
28772219 381576013
289069818 812709790
914626197 433838670
129380906 714376819
679066069 171066382
835264196 863184187
230989893 301786027
623069987 213725780
541295411 787470183
501238570 29139587
559824561 142250792
449016508 831832942
172306455 772238071
561790017 25431586
607429758 27026306
719503144 925043086
145905478 807947929
926529120 983809285
164429969 330408372
174954205 17904320
39809989 631514220
274052633 512887386
239848974 453728510
686915728 10951506
717239513 241905867
481050691 275359628
47831644 369362651
949613366 20108242
166383112 34482773
314159602 753003595
68304158 50133256
909354500 437084937
76728085 935135717
932876412 307439233
402241079 603350915
824926318 579777033
604785671 239655578
655087989 683043421
905870800 110118024
328026667 236568604
508362018 337742288
459920050 698606154
956237390 202083477
705051438 169312464
501726955 257406755
900782665 676568824
954311763 826873447
736234414 26244593
168954407 94143602
92092046 429877073
237611207 382296826
51274782 623705998
245447643 71296472
285992470 469633156
435957965 145485195
337022260 859089906
604529996 674394548
490270647 66018302
236811723 112360344
103268325 66502060
391912448 637808802
897659526 234490217
888216933 205286622
185496934 3220359
307349947 300346750
872494550 313029301
964495746 407538521
657897260 57707664
591264897 665421159
158693695 579561487
795191364 897473351
967667436 236497428
85178009 314423225
87671955 607978979
451855379 35089188
69154458 593268130
661175943 909342225
491517929 401985246
956093330 938845101
853026925 920630534
913403665 884683851
910613397 529365998
118802854 882546656
616869592 105525837
587302714 950384774
728264749 108874815
190506358 19354874
863098001 484787651
714013256 4792607
378289797 165467454
479429221 442151543
990647437 462958070
522993601 268773040
405743539 543543960
706996248 949363221
576662017 15529907
797942633 641370137
527316234 40859195
68131446 400162768
584638562 822758919
789386565 391429749
839215138 838023250
586918305 69998567
277111653 35618879
496597402 734288675
877693645 42542925
808223233 194832595
571379455 778322918
801634541 597238207
827162402 560609238
226933817 842829653
952385380 135373004
382619651 48893479
580325238 493753564
495873327 237468264
680665355 359310589
142647266 64362101
946552413 789475211
191395335 628934986
229543 783794885
122895822 176133897
564532908 6442832
316232743 838722935
273062703 31550130
710607691 17827455
331643768 891511256
138735924 688542381
891743702 443538321
625745440 901338036
316798999 849955601
548467474 61079272
487654930 697037423
276553809 508231621
968560670 669873447
968920039 107582054
286347672 234781336
819793956 540372494
28151648 361226375
565791256 161300387
20587615 472841627
374812 411677742
179624437 363918303
528410697 18748253
916945557 640029507
875165439 603482625
594394159 608259098
982949216 74335377
125166775 59617693
136204243 651295140
286571173 649170023
52718722 380437627
852245366 430767352
56031708 352710517
394715691 874130995
434959635 781930136
54375371 594319327
31994015 975555087
20912087 489902377
945078969 50228903
13279461 961934112
15481315 23218768
660334845 878021432
945790296 17627298
249549370 428875208
277358503 32504150
966286131 360331404
481548567 711403207
878011267 803476772
132105270 823224955
105987149 775474067
412362328 488090005
225541811 498799808
555894292 369403743
42168928 97131768
400941507 94038471
629179391 35481194
394538500 639034334
298535874 84360106
120415291 946843738
980394972 28521007
718954765 580344853
241520391 46985942
462344933 901234828
80424702 247778908
664303731 477556321
288197380 906234855
449802024 825436122
69540958 825921405
785617339 11247968
966878927 697678476
592635559 440569344
823773993 245209185
44422316 171304429
903639484 410308785
874357575 602277115
826633948 840346131
942912837 907379494
177976161 194583683
886381359 213866762
860832552 342717408
731963346 525814376
456883090 496763503
35837635 655188135
216295939 604693335
471690452 487224656
834155108 45501731
532361893 548490385
45431716 217543747
165461778 98516924
112109613 280984971
743590846 187430853
981502074 14319794
968138128 942094279
157017473 120593108
34400564 597473151
788563264 56870642
25016725 567414223
664468278 388039276
48562791 449162045
201228008 474688397
975040672 141616241
367612512 726349823
843015934 486935739
205830313 189310290
863549564 288596107
392395860 805713274
21972193 442466295
27671544 606073166
276648749 149633336
96797352 457915146
723868720 242311981
117447301 748220622
622865654 738691030
426522416 884121373
976601940 142384858
875420236 538723167
972453470 781850627
827556865 494181983
536798448 862090685
974563710 934483661
338981929 72546202
454638449 409578429
319151595 497145040
10992785 839218982
34800990 679577273
452519957 302727268
309270376 22848339
711780410 458956471
215475516 639092670
869178560 678439874
771659468 206738113
479424877 362694157
751212366 530952004
790119561 861070211
236604861 669314775
115760481 542536692
623844184 391935018
619770565 202003348
2793506 18050451
735297930 548097402
577096541 923459467
68530952 361704995
681846298 276725553
677843868 694609388
29600678 404921542
434329895 75185051
922490895 577183279
11743119 49319639
61746353 196348278
441831736 654650027
28377765 514694985
299080083 860989448
65981771 577766778
671772559 755458112
608675008 282231165
98920993 103968651
69891699 883344109
473710785 804833157
48531846 804699655
806289901 349884846
534046574 709367342
248076708 988946921
307026012 651827301
712927212 238270718
265146310 48612824
506275660 313317144
535012582 467529300
436134738 53154888
476320060 498031306
931446543 31849217
430849802 956368848
905759638 414783640
921462743 24473631
512536193 191238092
374407917 870704918
277174380 3957565
29374941 614990646
899730295 502690283
487631091 365664420
507802056 32265666
38066637 895042475
96338951 812157961
768710082 59999031
49067490 819102195
350089842 557376346
109129349 529970452
152578622 96352203
54115114 778126305
150682319 496395874
640047495 838388279
940118926 275497373
954760281 477889494
58067499 795046686
294263777 531037921
342399764 190608939
784338019 923524704
741565446 858759725
9312938 442051774
278656632 435209522
49457791 395853388
571958313 623693419
673139506 359244732
67849631 589924526
347885084 28271271
387052185 690644213
774496019 231733767
489487529 430429404
945361652 350888124
773202330 311997735
94697504 304339980
359956480 61556795
319909116 14733339
52362675 747159712
210568815 178183288
224471112 51698565
959481447 557219472
489738148 27986748
260006485 18433080
712505446 493105593
832854444 462638632
575637622 609250071
297180261 688611962
450641790 62580756
39630720 591400751
864777581 912840848
353455478 663575722
492038390 450422290
576194771 19271731
183967247 830783043
571172509 458817142
155339891 52342129
764558048 466415105
61772834 785697037
264241454 616892873
380435929 546122285
17953562 63084967
198522277 791230475
200126142 768280274
641146190 583271044
417623350 631183982
412063971 586362010
586139938 839095293
153495350 218457842
330601769 39956456
34390111 843250262
130204273 111621624
157205560 43325494
986797863 897349598
562165982 80279326
469988605 579708846
828709174 952412489
170225575 53288545
348320614 164940558
938373981 640690766
341677912 719645548
943569756 438783417
105092411 5783683
845109349 598136132
369937409 911188506
44842302 495134839
890914785 55101979
684955435 648701502
852963543 946299153
537780348 13204840
23002913 817841
124242690 16238376
130120638 304784973
872309905 267556758
506985209 343106402
282593154 12518959
443543260 809183756
723849520 519533648
96973748 381182861
645965950 244724672
556181654 316223178
422515790 635107108
356421078 126315214
274637323 897692296
181105552 367350085
13455906 514115549
718354466 730865922
84824190 351598965
115414704 954161273
96282395 150891657
693388703 253984838
835438701 979876787
227386650 652772772
549082099 842013044
3898769 238200055
41133741 619872943
664063541 52861508
999043486 25671469
865807229 474815922
696475729 223247895
911912355 449419794
251629394 710780031
606662440 212089684
672502448 768824279
4837710 419608334
646007938 537567863
389549207 436691194
367579999 175796252
584514387 588023157
672999652 837912676
52654609 786945025
693633074 953898323
108367390 908614084
478123117 695935441
21985814 760613894
63325504 674196522
983941201 724918967
922058578 229623949
35641199 922878694
597647065 693031821
334232274 52047692
493562376 725071010
688146721 893224126
407864727 917614761
795603654 415723710
812479811 475778144
712046704 553123820
508469837 14038252
988477841 355296909
321401338 285537363
259691233 180475147
25027091 541384705
20054747 189207156
862515552 381312839
37441595 583771897
181027383 159804375
471262851 370513520
295359723 547708490
71101055 15084243
874544213 690847898
678218931 473484991
147545681 261009577
208894963 746747894
74889791 30610104
571695567 401678814
380026757 970871792
255741726 615503872
768242698 800029917
32453755 522178697
595143357 865948653
812392645 673126092
280431116 815452150
25481118 725927358
170893933 376674989
483575788 25626745
75109593 739124016
586713690 562095801
542558540 162152573
233131992 967265121
519058759 992076793
957306903 445899511
41936976 170482666
297322510 188757029
16390764 814622204
791484536 719258679
105361575 846811584
318903379 58898336
142951319 548139816
290908003 711130739
776644558 46310669
555039917 168803053
75394148 695409578
338750716 19166700
103832438 684607262
937868639 277268845
282804389 981272045
486485417 422920473
10764181 134506368
134960880 781437114
882457200 486669984
161962511 312792253
989055072 23938047
52237350 72060083
626342937 4079280
950837010 529496017
84621900 1552042
230657024 667968371
256598069 729623880
288650712 571744661
695663118 723177419
865619401 423657816
492292506 839207895
184742854 804557699
895704219 428872178
55940356 516502784
16249692 254405129
914102912 445720923
10319656 781866474
749512567 580535622
977699024 71533515
77965292 921315607
898723625 929190082
66187045 914557769
537005452 474733386
253978158 631247607
424364629 783295941
169396821 469090916
663125348 869910772
540670892 452161910
326647455 82589312
884431755 201447477
751783022 19303285
986528523 650422609
912556605 673182402
906058124 62747291
981098238 470456250
576910127 16351111
117218212 200452246
80437085 910766510
297980329 100591857
589184831 998431569
80556425 833475658
612973635 12917712
847661381 840618118
432297629 911225392
839047905 809103467
760267716 106779036
591446758 219661862
2036467 996031456
459894497 8616903
332766627 239168494
957277154 89012158
520303134 481054813
544101630 797195111
829167079 121738725
531450317 313940348
38060617 937132516
991745260 305407644
201977044 265247964
561502844 55454669
348313048 43098868
136504994 563550962
507619055 39827059
795579397 756923739
46634866 14925383
248218195 414497334
524901629 661930626
690314428 573445910
665277942 592671964
151318645 943064180
183831555 697087787
618746679 210956331
28766350 248204783
727325117 241412090
700015942 825496777
930815562 207817734
240421534 245790974
754472737 59410262
413802060 50004984
14021388 995677268
669379018 776336838
262947283 201620306
293388504 51572631
501044941 885729538
158240761 17720388
669057867 472432381
847641329 28281539
478055207 498315326
378800973 343000754
614802749 73081765
112783067 756257494
397427182 749348468
597313070 601845137
396616093 251948757
229278491 92158831
359594805 837267025
30051649 886254493
26159268 70022234
59781750 960193132
173481812 524591299
830099813 885863378
69460671 830236227
691919858 43707881
564514525 272194806
368907207 22243695
371055787 842769627
203920082 730719811
87470759 299767895
296950216 435626477
524614489 928222896
241331869 363054614
629590983 720088723
603998989 340201741
375724543 256725135
782424855 34523713
28459921 599454104
753486716 937458890
82519058 776975749
272459845 429769184
796277658 239303058
890391354 476191585
249816391 908392158
52828780 885153360
590257592 236877038
901797548 755838289
989550994 43598377
200391185 596378414
936930303 545552473
550970998 818040148
981368106 461830960
735388665 900470359
923734212 609046209
685502334 302104682
827890818 683943939
681875754 41111527
554741405 569526610
150123240 653018573
41736787 238429421
349441767 819006013
884535390 327880569
216043034 960653053
31977866 163873404
393838263 62670838
931354909 751922915
420055737 241420213
680829283 922230653
877082206 204830188
32721456 589081470
846360233 793900530
814473553 385480957
328443873 490460991
831833382 895864694
113183760 816626162
853098249 412154441
173160837 668678475
485742555 876935992
875860307 984966705
724138112 539380973
571971024 421843373
799559777 166933874
297228566 290170733
70156781 264448183
555285381 499669058
139336462 38288144
919353919 468767906
161761214 252650420
304745899 706107175
8884855 314429247
60217331 767835918
474487472 324239920
213885830 33553081
520143214 577440620
685535638 226984494
232842164 662177466
22236829 18145685
191287051 302591813
805384910 33556927
60798978 872825373
728374447 579234968
711996068 66154677
50955135 66999227
599975178 119923558
92799943 153325279
4081613 605703147
882530255 844258403
159702149 480184292
624727592 123641287
503306839 807293780
133660707 769151538
556656743 635112226
421290072 659005678
366907996 60405148
956725536 930083814
101320932 300046063
744162074 848175663
387131440 171343791
72006570 865741436
101092979 358396758
785253237 981728680
198853223 865831101
787025126 846682416
699361736 848500388
21909679 538489270
487559126 259860016
245812795 935832959
9843161 24016232
130123335 467447542
976230291 731122103
300371276 49016616
324494807 930517613
487315464 100771909
559450355 389536574
128914430 384094245
395335995 802442945
790349301 509010625
658803593 727812338
665041015 38943925
199714745 860912049
484833876 340592069
62309678 313104192
436808988 662022997
369709894 5382345
973038504 250964719
58432497 289960150
69781140 70184129
105012759 316923863
379290808 889155100
12867629 219559584
978845117 972946423
528423585 749514984
126928008 884751721
691587698 361500620
870996931 369380915
525122457 485833801
777109085 203172148
132466072 734165445
658451976 419570418
97969140 145139847
15962556 279966744
484482228 175183930
666625074 62720500
501937894 843672174
304853610 933700339
994541850 770770199
694397478 151364912
83126246 33887500
424491117 500419811
215391328 473637001
148649993 28087528
855607975 228796846
978137096 262531907
434790490 753393918
325657151 143469464
45802271 546072545
230713794 288139697
293558046 288269090
250554733 411552764
963704195 63413617
685460063 639251979
288486144 468285922
32705146 270271250
252581448 100595308
628202212 431919212
759029397 160398955
999935624 963401750
908114467 58346783
704174230 118086451
947997875 137994283
463870719 305601670
601081353 773978647
830768378 546089723
209143918 67513039
444498306 333331486
401891118 360621088
332035542 947377826
289211675 421333057
287756279 996248796
619592457 783847497
220046637 144426822
93236816 128429234
21160067 291610365
936341325 479818205
108200262 979945538
113850337 265833101
488106378 840928508
541245937 931674729
492846245 787437365
417934820 266842239
260689330 360401817
412449064 361654716
739810831 115373050
780797101 128869237
69037023 385186255
229911400 307486177
292638857 713814192
820635858 547679900
787967799 34825948
657133414 388047654
954053464 300040626
132321062 904082274
349970207 73847867
254233623 585057304
578005505 208981407
569640129 472037747
321924923 561963435
980699312 303438212
719809610 158514514
10401015 700186301
670535537 251117865
813661349 653204086
327964215 531516394
711830361 51084652
970439654 309400818
324321197 288468028
173553677 362157763
519012290 209415660
538184958 86772098
664869307 910619235
836675152 691826041
851020355 510833388
714213215 470361494
481334022 959913656
693422536 407904747
761905460 560303449
701869037 797481516
342885377 44777799
344928119 673404980
222024487 734853726
922994639 63607425
728524130 149592158
604084387 765810355
252475123 96456042
4553321 277906449
13672478 400515210
482429650 359060996
911752108 821526570
986740573 154828441
47190892 420521112
545415111 731402499
356243624 818709129
383251092 617118744
547804859 463965588
899257737 604689615
343113083 305629878
463164466 635121864
49699784 476885709
251338332 573460676
995828219 869328157
90150555 582212392
299242623 231238094
339472581 18081407
938497596 231785579
151642229 221352949
52962079 532846180
697276297 460011996
651104915 974131598
471684261 987143723
474139155 134544030
936083886 327500026
456394646 7106994
19142737 750925576
4791321 165086919
878989943 458363957
654044697 147753027
968037593 397764104
835808286 42393454
695021931 13136939
581064497 253682417
979297256 739265768
483936093 460169053
33640528 535301046
893713460 62219175
113640288 500397991
778367817 38271397
11166503 380787701
480153270 324735121
260944743 748661887
847498135 793403278
492633653 556888134
890079373 383306270
905547873 733297648
400677948 789314217
225895939 930462789
26082253 788627195
334455540 167039156
936063341 976267970
902353236 288372175
867951307 581732883
66252805 434028491
506210206 325149670
69636398 766616833
869494813 575949973
690505913 429119599
294763397 182831201
855943892 468350008
682745495 269483501
928258676 986985504
455596568 111605953
293087181 40534033
70809425 127433673
987496155 721421976
247181450 170714067
188016093 660793193
894718873 642128405
549637077 454651351
314145873 50678949
814737161 950295389
468797706 319943422
51616135 129942040
674061090 986320001
48355224 329150281
621223288 110343921
451019856 20047320
851679986 185761526
647024650 224553164
680649975 319061147
876845277 861050325
13208053 964769233
385925416 983568322
757996509 742133994
173443087 765573387
321636002 364926751
44050423 933822024
806942398 800311050
624952587 725627064
628494252 24898861
686058427 812445883
758002287 746834025
499408695 451782744
903156746 577644679
501315576 679220665
652895238 728032434
625431096 655058345
219529967 374262779
306941045 50847261
778717399 917430740
231626227 33443497
111418321 249585814
460852535 182471941
728372855 576343035
301821580 406334353
411893349 804000676
995840641 980797390
608619196 335594900
488209513 69735137
461142688 316330164
680098009 64579093
100432826 182048589
319196206 709533014
314515639 246682001
372683013 414859703
740796359 666746898
407447233 387924973
876728607 2174537
10307083 845825745
688162167 891667728
436609351 46594530
814812301 292203816
520249130 433685440
225498016 791282101
369257764 419560626
987317237 41423549
396946413 798521633
820521301 193148844
581003262 19964955
283519117 819114451
467752983 869755346
965133806 25796324
921185210 643019290
52820939 530807672
100657581 241642222
604594429 305509770
846945916 57759980
17339748 68584698
486038261 381154259
197982809 270536713
631145130 362413324
185279816 929450466
476064370 467283486
852306455 662776080
423085800 266150201
648748978 717854721
13672685 746538413
161968267 640790923
382359069 928455279
980349205 59065187
971936612 519469211
932677194 61497511
813377387 19426796
736287782 954238037
509497122 422618950
578432041 688047058
151998010 370174765
590549977 398758244
131026346 415179851
919370558 955518647
468306477 443579374
321719141 179957596
821367489 986776712
799651038 399960902
84956970 910783533
20792893 568869195
958744173 70807320
516887196 866339241
153566549 490398246
225421336 454596734
743671025 694480217
882447951 200421455
494051604 377839191
980468969 699647106
185970388 375798505
134535692 972786659
802673420 84564860
898445542 52910372
312391898 921572771
514711591 949550933
786047009 793376403
514969732 283897967
79952904 45237158
886104885 742470607
295608697 123979480
275425400 611915443
804849059 796054861
88745484 722348224
535432312 857288137
669265334 324271740
928245552 619712822
295093184 79135700
975209157 332048162
216733045 352509590
445089397 418752575
701726631 177660152
558326339 242784481
971744553 112167952
38740855 760484739
884708692 396599897
57068313 331588418
66257542 857918005
846043767 863743585
934054047 410435685
764764583 669774019
581731202 449059474
34506241 880576116
513996186 323525064
72020122 718374433
946241107 115447
567305426 956836763
70934684 804373359
158863054 536220248
436967788 424972140
632755189 292454385
967837242 72355465
644913519 913948325
388569987 87342658
483544237 496961493
249604936 105663103
60010976 287112838
32193421 639972357
792101503 355187170
440954075 70477570
642128838 239067063
924807358 11458946
563674417 256167671
16977992 717822459
881645316 266525238
640729741 56552390
491530439 179999279
53709095 255220123
24159684 61251648
422353070 953105948
944170373 905785577
772160327 112056909
57377893 718073425
19185943 999728660
25234932 924682945
262629058 73952446
845318029 573856550
674607609 307867514
855652563 869007763
323869675 490575835
262450213 710780861
628880845 230685274
633939243 425314686
523655511 262596818
401676623 795512659
958291783 202528002
770338368 615921885
406693340 196887311
487344241 286955364
709453660 20515839
947415448 712120399
702537871 993439807
156901167 718200749
180995905 52588575
254263542 515797680
238670019 158216272
669007727 461894188
57769581 2870892
541966945 493577500
369604111 727419245
742578006 233083678
102536334 488525365
115191837 837381874
816191560 664213509
986050889 2593023
27821473 26310408
309104815 524894670
873600898 509189829
810402796 204510349
39922649 871982254
254770908 674959757
619133970 293312152
710902308 796913860
973213607 523078457
234486186 386917451
46660752 745897645
253766424 322302689
793353668 705836275
742437980 95904359
979435466 207563888
357751339 336802403
436067108 361750634
471393913 633513597
425593051 133274510
207394562 175694084
15385340 3005035
741710789 140643690
712420119 931511797
608347523 308714179
31692483 773164547
267191365 644253259
325560338 24674770
900257235 326972893
63152168 286217342
657671230 675308157
411896226 204706703
164877399 150835918
711466278 277071210
110904373 771696028
618918363 840845788
581433779 164097108
850916335 293275284
62994161 391402887
302508819 497834406
44636877 274474859
278892794 50549258
659086194 194005594
808826845 659960857
889018569 47948625
850100474 271923221
550856961 27491954
239772433 422846626
359166221 990251394
168313061 338201415
588727075 136207980
29544385 922684654
407768382 238886332
310545905 906040425
29513628 221288741
783944004 101702891
313758528 360713724
445035921 115830923
892057713 648835002
267227950 358464197
37614905 896549501
186705274 94579449
575106023 436274568
52408151 92432105
355467662 642624959
805206947 647892287
581549188 608153644
991682509 280299525
846181091 6181502
63966274 467660587
210241803 35145603
867062508 315620101
25264158 770901428
575873990 487622346
985011331 937129386
229611334 290038550
847850596 526113442
11069675 796538984
346609200 427394814
754678192 54278565
105617177 653514435
862569120 772040340
376719766 310622748
7525698 425696864
372083683 387698645
949015070 288801305
416104060 774475745
872699210 101459763
473109158 97781205
254111961 926620165
419965159 524065642
614130020 87715915
989904776 347992831
355765894 735685540
18477338 137155092
9635683 612576277
98239214 957914064
191548186 813363845
798376859 51010428
263834457 186577727
145160573 63266566
487868106 69662835
68654898 696672639
584834462 31790261
266877977 692340126
673018379 730211708
289566429 485548090
802148039 995091876
818130919 162976468
85122449 954306540
280675815 238745099
796028329 460755321
285103694 953930789
253823571 337792082
60094933 99857293
557834584 1206754
788241649 102052175
739588484 47136121
978754150 743271326
324335913 142292683
700493237 73612367
341490842 806478959
75734949 286753627
711883954 497649249
150093504 308642145
452904267 884125825
212508118 868401697
703069127 976682258
81060471 576558850
900576650 521785147
912335740 190816654
2348159 844768649
239884159 36433393
78901133 995130476
567989086 245308797
948958506 5404342
383604924 592453928
452863433 452874783
871150720 3521037
798378082 912790979
413986132 585876966
102247154 493623457
504005159 551929240
783247610 853754398
511621291 297679784
372228607 931305089
642415576 594461887
173506568 8142710
196627047 9351723
638610980 3085963
794735960 144385628
632020705 509388212
610102893 841771882
589742805 577448394
10315437 27383694
979881753 799774473
353565921 258484132
360690632 288232334
234503194 499371952
552133253 396162015
991734313 52287830
667378930 595328355
697894 44380769
405422906 392739045
744478442 405603132
793410185 844911893
6774679 845313403
231310222 300423431
63313418 24905813
871721216 477685426
733327212 360405791
637758997 328420723
323251881 201027034
945046796 236498055
93967600 310112167
62084517 444786068
399362098 312198988
26514340 153427745
348306342 737404850
274130258 510564121
358817351 441969254
528587260 757531981
15030612 68401691
67727474 414191086
889741006 808439078
881405320 61602328
374720509 615313408
763904665 205503553
140575724 751116232
35371521 843820749
235410920 120517823
976220060 229976702
296969221 12374731
448201556 782227196
361895321 480929267
39934354 189384530
199360958 650696937
366416317 441113712
388476373 365978491
998961868 349517738
846388222 395809568
738387376 552942903
27077025 720428914
739682786 600876724
160021992 635798703
348575200 5036959
275155010 603745847
125672873 592745947
636194530 477311249
172992834 973783090
328846653 545461862
205257525 941173966
888971920 27276803
292185869 132580800
938102872 532062427
124590044 141986170
79759576 527309699
25306805 933530964
246156695 140961973
483344690 73830410
199122399 192717774
212131822 151804988
366310718 822356815
247270668 763378413
832051721 789355359
125680303 830912005
73265622 664754248
104114560 519924431
366141948 251570422
828038955 605809788
11591711 971530619
449948898 364197534
420730524 332602766
9206746 427077549
50897697 26558728
449897927 941669254
612263183 296371301
342853484 400154086
124970525 375864136
319728389 509144307
836212410 272970487
694267098 993186740
735017630 35506906
386345905 437642389
327475522 319002881
885587800 24015333
493708389 478434460
148356895 51701847
15641741 551981185
51501146 15373700
849445241 694912426
557593828 689941605
143234235 210693556
994636183 107967965
778052638 474246497
932291797 134070062
63657526 10568983
656061699 489682048
138273497 538889565
164871944 595770718
858915234 835661156
986975442 13590329
879683695 531327357
77568977 629616611
474143204 315141021
492942202 922130452
734512102 221927389
187796422 562243048
220294688 810149627
810484657 317566815
868038785 716984538
63675837 479167709
613607868 252806909
399100010 33712552
644058567 297959184
163176646 358930540
435905629 797035872
43879643 32716730
980377468 998002526
558420026 207299203
90157543 362407456
842525817 55397027
188050853 146489568
332400559 191605584
660877952 284899195
44294905 460641710
548007047 166638835
229384439 774787391
827138700 82162157
848206927 580643947
929125543 120110900
567889449 702241022
218098353 809115700
725927090 560271014
143635146 135820672
301181338 357285240
620785620 897152844
145938581 712691820
302708726 470728691
372803038 821592028
745726746 583214707
560297135 505705481
507890030 570173676
629390794 788101015
656118247 970516261
243836403 843725324
206983353 275852551
28785269 990290516
828388832 941198624
870922647 980758848
401574811 33800482
700462383 41513986
138691820 512218720
133401872 802031282
560438297 659854423
227189651 11459790
292340014 969030435
464838163 958191025
900831352 990149638
705522546 823167778
589138187 705314278
584620693 852096968
375577406 498902987
658850020 50747311
205268778 725597028
1107661 920540357
28300078 875593603
466534459 906197343
474751598 484719261
924507945 620868277
980177743 716029259
350633486 931128161
728944124 169295052
548504678 712869348
269312740 25949057
510138161 647290658
578001210 832179566
111046517 171557089
648482164 59802816
181502138 469425229
45342669 231510593
28028813 616506487
55830725 602636773
993941501 839499985
775403930 481270593
28056099 3542964
43879641 104430095
661353104 213563610
799263429 669233836
65127145 275206116
913863155 813939866
632614471 564496086
37524404 212397311
821647828 52438679
776159389 618365220
857178423 250736
434585867 65026294
621378333 842599317
684561307 619839880
992987574 413990295
723975088 705277838
563671350 394991855
770449393 974604772
540679768 102361719
857782472 122053637
657775830 687423216
303255268 27278998
51600882 342054270
67026873 391525336
956944112 913023527
45859835 519003704
188170138 155263063
922086435 295311043
618928315 762033503
946609909 795028906
784507556 739025649
540645873 823291588
187702186 555780518
715646941 644377608
980606630 230554489
722065733 12914200
653957491 307469897
738018039 728625328
430117748 283991642
933907589 230848825
368051211 929935572
134368966 495273277
508623139 835970627
520110677 454742760
542952871 74878230
116014609 459240845
152547337 239690784
982484379 38716962
19740860 857136410
898279388 189489085
288657594 767962910
746433916 995055136
770582527 177699117
760698732 591037483
746912780 157578411
663678301 202151011
516714085 669005790
476388422 817780082
394472211 333056115
925263074 612488358
378740514 91897336
224926255 553977968
491650852 25310307
122286065 18104552
716201389 59625097
800397613 148988995
530633173 273909928
748549806 406185314
187674041 803412702
524342659 750916166
517457146 266808240
744897919 240491669
180208444 233017988
748670904 146370071
32510632 695577127
76035337 300925756
648499819 513192775
621124752 410408340
512089397 668452602
864537136 964925013
249094075 681924918
440907024 524941528
14024502 65700183
8992282 120802588
769527777 5770907
718947965 807709250
867982206 379016873
55692843 817752335
820312018 261577734
164725340 899100269
146156836 214314655
742741002 662963690
263777475 501979203
115535475 970034231
534730621 57282341
208192921 545728939
348574760 410859614
375502021 782589118
804566557 628882025
492842240 476484750
622523320 437591973
423818137 897686365
240315609 798197974
158396578 795087121
140624230 857468837
622529907 662173107
922073031 938129691
863904549 157238256
820523880 832133162
203389208 490216347
343587643 911786021
57870703 37630506
60428339 691431234
623055245 923963188
136139722 207018271
407067808 200344313
537181820 993745210
328951319 620328153
834332234 217912696
4746277 644443100
676599096 512813215
261917243 779805481
936325071 84159708
62388636 432784
156543900 666836542
769385919 986231551
259462575 46419256
412493035 33438481
41134365 284139811
665584807 414404474
74446206 506915514
642876987 703733659
767333743 32081564
587458359 111871478
18150673 15896526
935981038 300716206
131868809 404103734
980799990 985716239
375542398 775040289
350426794 577310470
941562526 780031422
87498152 715407780
66434073 181201312
102902612 736656287
410154020 633987392
521996115 329686224
784504 624620153
481012496 713699766
29823954 742437642
815464506 45604338
65322097 33194265
977514308 235886281
41920153 97302441
918978020 476671398
36983573 227843370
424590740 30943893
13417392 334866922
189975060 619345608
85337018 277940381
349312998 887478038
750159498 501506778
748016337 135018103
907115000 193196956
812715103 567820426
504675552 408988101
92469855 557796367
270321570 352639638
544294243 384849261
36512420 768836665
900654915 60033325
959794382 491528248
297146776 41096317
894251533 105219587
424563778 29016493
100118993 909303149
835017699 615665333
107033998 257892655
288743522 906271662
27285310 456208740
918727528 66917205
56249823 74020363
182050534 174153612
906700268 962597257
661799821 145744856
724972528 910893861
139372373 6408164
867524336 930584969
590990327 455741948
569419002 328078663
675865971 959861138
431713182 37097811
706488458 661477821
210802288 811292545
773679429 34914742
500739467 46720273
616515948 622375257
790828041 242901790
163608336 104720297
342576780 19773745
744979202 527276364
810867129 626225068
533075801 49416459
946770104 372780127
318256624 28484181
561095605 703578872
291727077 595334584
864001633 160150923
720826140 154578797
107380337 385319183
74245818 523044301
635132446 60777953
260564906 961208789
499062435 884210749
727075867 22718888
777858755 291341003
745536768 927649032
682166593 554435857
221597839 459598819
847372134 330152954
101906627 680973508
854602622 394902102
230490586 950844766
644274011 461561688
24469719 909035269
453051088 961861913
893620737 983386420
348617271 131446548
742147938 347319305
434685164 355830953
951854921 916935364
654341072 155132827
78355145 208016972
189986759 798342801
29076536 970608554
755927098 704080792
27817392 19329676
898406805 175924895
913776529 283621315
630121418 366382074
448229117 980768710
293730509 764599008
29516891 270554412
96267030 576030701
268167637 728979254
314541091 773889953
454136281 460559426
24447731 378353886
842753436 987778137
796007051 923776878
242893714 779277219
322242676 859151995
718949880 186461421
677796667 283636501
78670154 609072170
68735216 984034992
64801485 36362478
285767080 701546915
185079559 70983414
870074876 953853354
803672129 296315546
392460679 496238692
460772620 863668065
551297388 191387094
306097849 54410351
203892429 33521896
613445599 692934411
806690133 696842210
113730265 714779430
714980783 418073335
294209606 184426960
891579405 739539642
705029511 426672575
548687522 70224034
305537861 165512141
977597480 360960907
555629544 997567863
385256027 565230133
587987489 651967327
139732091 435146178
567641952 879762379
949096910 693474364
354273887 982186275
785302556 655383309
982537621 599708791
995313202 816290181
371320260 25060856
198263391 742286168
441610348 744606072
665164026 852486941
946586197 240674038
337053402 577869008
415280649 22961421
546757596 412424273
988793431 35534207
452870497 339981283
42301140 398861232
735219917 6418093
289614928 306878764
444742153 636283709
190089068 447303712
967162370 104647168
731491076 314494430
994025768 491035595
31644859 119727962
754756080 198173781
53355386 224758703
477323090 700722362
737109989 173219482
593777484 6465018
205770481 540009213
469362013 746904439
608070734 83555678
23973644 685667707
706752244 11359845
508525661 4000688
506763676 326796642
615915105 667584422
185712966 68102853
378541479 21469009
769055668 366138020
400135876 89173897
107830765 656783160
242817745 362520200
264841914 933469024
780080618 926461550
539447596 375469340
778485167 886167488
827349780 942549011
592732102 686490597
282373002 902991887
89507927 807591848
944794983 844241788
463747214 57720249
229183947 690632172
283274525 979831084
189685399 613499541
794539191 896681977
276401396 465069777
88643222 806825338
426702794 957015198
822610166 993475824
532339274 141395228
358987672 525073405
578133605 226464529
903174720 648623403
377535314 31122792
984980279 264063588
53271054 995162542
495947209 659527545
746603985 976199316
29027018 180610204
661231269 528363120
446961928 307521765
41085391 188602811
6759907 592960720
40158806 581468564
975098288 712940733
337490826 47831101
873857110 41390448
349079424 17845656
732708280 674751630
742668173 350565810
160412221 422309669
918200011 311838520
161014611 25657380
11978395 255841276
252361194 343727327
793277725 314199410
550607095 840371597
273238969 903155509
230949874 964489163
312243609 681392514
954389849 53401879
644867628 546708412
228066603 54905173
91957157 788475622
469303150 330739020
591378809 58152493
486738601 646918442
88702693 10953052
517979755 540517116
57490790 544900452
421628354 431121719
806005567 711202525
688179652 182087986
676072951 326784
900755466 480700842
207939799 520623017
14249778 593968444
533871472 921845980
84669270 17160430
295424020 325930557
37751460 793143975
747805272 813827095
3170748 839332787
798172569 477367638
15309395 830532416
230855539 100672012
247099792 15296228
382806603 849166832
979206320 851316499
121074631 482148058
249958760 385125805
7924560 973723464
871621237 155735151
694402199 698917084
496023576 695360893
911151629 175702748
678572693 554088415
425554794 961806513
506901685 364108288
448345127 927798377
564550213 58852400
416870915 938498357
49577621 58222884
817537922 394610155
6392060 534946417
237614697 961345412
344294732 310894356
603504196 230820767
780203624 317843949
205861600 14289661
977764528 246114879
280411857 272917508
316657286 790097970
448765421 162133308
37175508 196429649
198872015 820815828
761685383 73160973
36894807 241867294
686816784 58597176
719849507 624646670
889230818 677914250
44631328 292499391
565094646 427761952
201581297 240187375
456874570 48840441
831924107 614862462
508574301 584110710
502425503 15583475
339910069 67003619
31044387 832635127
391152474 774594279
672648657 225619672
518228824 36607253
901918122 26219527
332234049 199649377
309922158 132150682
210394792 40785568
950368037 88336075
830544295 368826127
767203993 265724791
155399002 706706638
578216921 489487007
751440482 939731297
992009655 412502251
599479651 413880110
70271565 559612706
681851270 926270465
881875822 822071476
356421879 723133322
433495360 696268336
917260648 980107742
344823971 194236366
163152525 68464114
47439296 350985190
522040478 303875108
507340410 108189047
666461912 333664434
134672648 311320225
685143548 6439488
627257946 861748011
409561806 544107606
632570533 687348478
559014040 16046559
375707109 531854504
261585829 222179244
590002777 46130651
615313350 288104175
44768517 477487082
330208976 595322816
817863209 545623634
631478043 939649948
313198551 105190703
96246277 435113953
728143962 216664515
898863725 235778131
970536646 224540403
695014200 486629786
615821170 949462986
209204688 92816322
313826935 34764789
755830944 381330617
719253044 406843460
284081562 843723476
19340238 111598894
831090865 918781771
280512423 674413902
540221022 298586297
539328493 57584095
309178911 979633565
901145358 878742341
371381492 321275611
899906621 46568324
770098145 881183291
233663472 542787782
356038255 521200872
245388898 252583897
750867754 363834867
705815057 793749166
244498468 535097550
488719937 910573275
174695792 873181138
64855928 202532890
166520744 161134265
3098112 302947016
485250152 325172516
806689381 286372455
765684433 566925591
903894014 262760477
485863943 756679032
310202721 274652466
112369587 128835731
256368360 938816918
768773762 943568537
971308849 464142936
280511652 8471069
210008479 930364464
628066894 829748373
42315483 205786614
39126586 697180382
985348425 642101033
341370399 587694521
61097885 186453610
999999999 999848295
