600
311273408 120126105
862303649 878582972
157756762 843112052
303820220 237773610
585911137 567157086
280146751 245894553
351001470 842068387
847771271 76874741
12800608 874419057
61117491 791731025
832976945 787207006
722064800 879841378
80730923 180553951
652192635 61671426
567433735 585803986
415612972 98556845
483289215 223221
7207524 937287686
642605013 977694060
696256399 346145620
663000398 63411519
130995819 696509950
110313649 448152282
597617007 941047571
314667724 597246860
803595099 74024644
415308783 731103496
774135729 188870887
518988399 312525799
50874169 543192950
160598309 500614691
414609529 885044494
656123372 832951709
721123909 81284977
610625575 874006169
597261869 785773061
687025977 387053117
545389832 820107347
456438026 177216789
129013617 257976456
214069384 384610706
124521543 590175735
245220388 521656967
48758061 266371989
762637393 182383018
210665222 571211387
366787081 421991961
171107456 360228968
546817352 439439058
693952650 57506364
114209679 299285817
32151767 954730110
45892708 30171031
736936024 887227352
39116748 467624853
64954830 244279190
696261331 473434309
56014903 60526634
643579407 194581273
692370769 779026346
394219026 698207594
834711079 610903632
30444020 56709620
576347522 9204474
409005010 398794451
5161073 2221481
816443213 631399566
342132423 788076544
517007369 169290893
456096154 631621581
971270191 146979225
491317701 432366459
136066796 563917924
798436966 37339806
320624368 322346496
462041952 856366184
607100144 83710566
794499034 664432182
680416805 427170545
911072446 485276163
33338572 679596256
418358075 367492851
622233761 563744727
626555715 757693898
562049391 370374751
63862800 323732339
976382331 727351905
957223062 891405178
666257940 892985263
310131225 167248529
670931976 940633724
577985178 165073166
983952941 320682974
645756255 196973931
87374812 313824851
992813940 199763654
526099313 713502777
12978217 436975455
120925388 400478805
226431370 798478109
32101845 736075341
163279605 770987528
167406318 36509487
474969985 79998672
661461385 86996455
12619406 2515269
404806294 474462155
723526717 55937758
570496776 706610451
407289847 284367665
853907545 886559066
102216420 27263105
751681285 469059615
331437685 810248235
438651149 982548295
167402203 308601655
167716981 832354712
189015437 96411342
341567942 438909247
741064646 214830271
107096717 530391626
864376069 410998777
916824026 33254703
45138315 48092436
23243970 2058564
634892513 391888584
750749917 704630597
204360783 84126835
890107592 451666897
674330981 549838999
17205924 466463212
937961590 296767834
41170584 761931135
891630360 181239045
611754821 983510484
767806118 828277893
599048799 849629210
65631935 723703277
917256468 189514215
373597124 344975090
535397529 725705649
273727837 521600878
233040551 11602261
579891444 392369118
658157561 629837455
584107064 328871908
56562900 767042951
342494108 161149125
819273076 90766658
410924246 222105579
627774634 961126957
104315232 915799396
48897089 207858327
722246906 808487522
726938501 978856243
855440422 760554426
615920591 564408218
953232043 138714213
292641527 366796999
46340117 142182401
309694425 435327897
213909549 283747664
924775125 40830293
17107854 910416056
426816593 68997666
644744197 26569923
576322357 273201546
984050997 9641628
905075566 452697343
34582776 70163096
129883244 826398292
100154355 350850217
384307107 963070016
544826892 319067372
310916877 13777631
884416749 208064541
635337638 910360112
253703812 13881373
747975663 202579096
766056325 868966516
251738733 41360733
806762983 717623497
107041831 431806252
808585059 326618987
152938283 747393684
34790393 302814156
520700169 841464969
475468906 929831169
497036630 682322146
677948607 527935555
206117930 659350746
985427648 927626096
815044770 412850579
856535166 729317259
41766752 482606735
77963978 45503801
145253638 331832373
647344059 102661441
480435391 264576594
737732908 325203731
388402870 792049301
70551355 58703170
609627804 522850066
591001292 553484289
73570344 93293760
297826308 767415722
433285005 325788155
629984462 27881277
565726221 58926851
564950873 955761368
6056040 648085114
52117146 838233156
495200606 432567273
453836481 525933416
272503357 209875516
320549839 74693843
523048783 823653442
26696704 58238008
717533798 980009263
666866775 35876586
622871381 104132378
33830685 502652002
910636662 793703807
709426262 846538945
141146917 132632509
605672535 829516102
8896581 3106202
955914801 182050520
79051956 446283706
50378300 647416448
743616993 169113131
716785804 181143532
5342775 542275292
324584327 706099181
628398501 637896224
386522701 432863993
338241058 12192561
757449029 809548714
19536935 85369512
504397465 184322365
331926316 823836933
595022007 23771157
102745142 241198381
814868692 622579252
358454344 12652775
576834916 737585608
469842155 580554077
401787044 713752476
968089772 184904097
848946960 943985571
663155099 605966630
43793391 558513522
876027853 725654595
24375745 79573698
678171611 55108277
906204373 452649458
318087521 416682009
686044602 601185410
24331137 813904501
43861441 21071770
110814555 86909103
931118977 530159744
711550108 271964948
535270741 131091237
712207344 525416403
947564508 29159578
605685640 382948736
174619768 542521235
208340375 468163986
967121 462307563
341646551 651482853
121815116 378501663
890217220 27229754
494996639 234784721
604918622 340978353
742146617 775667782
797779243 456240213
253095889 295646697
44773939 755319440
666423266 649875910
296758595 727026866
505104170 50672657
776956074 4523631
146633516 51437724
65334463 147802718
21790385 349218147
1889371 655008891
116245053 299555076
154662229 13396646
174956198 61035328
507527956 200188193
177123194 895070588
123046138 75880726
440579986 841441602
803626736 858384143
881154440 728677056
243984867 489870204
16829500 118303559
960881219 43226929
643128139 362442701
566471301 135765477
105652642 816209772
966522273 161831092
170105833 16565730
49460119 343728286
415855887 753028623
784583136 158804230
448044742 777419897
622036487 659178036
707244038 290568651
490432532 19358164
728585096 436727121
539174674 50902899
219891276 321234814
404619666 534706952
810640916 68312167
220779561 266392425
955830247 254684742
153698288 952432338
101027470 940918775
607183107 597333859
297097498 299616126
951653634 520918431
969859420 357644415
72124309 161432302
803484268 524230340
365529822 66040859
294723363 380080315
630794767 183935958
683327649 990437878
39668186 977691955
332432583 446225833
221462252 910845481
369970366 814256431
92330629 49117205
263396206 725886597
692126943 669082676
508580872 447762125
61130685 53735469
620497021 107691213
787505373 296056452
16616966 739192686
78759054 584213287
202399128 627969085
504166426 52282341
144289400 919996909
39378005 334153970
502556837 88992467
151191565 829690213
51283817 886425449
700572320 84983227
474743752 782919884
484413033 64342098
129707800 259961661
628649289 987572717
962422120 36230820
693070117 91961398
23362063 669109000
890491492 327736375
537620519 712705816
681465460 429720289
98072849 514723493
187729477 250304902
4208879 273759014
129559756 394186846
871159587 473288755
286012801 377335045
15812829 912676362
774628066 677915899
924185482 409469965
780276974 89700387
873564509 393919298
103014315 188916549
258421195 584487122
302985632 808714892
849475601 703555722
74238556 479562761
429312428 716250973
953139437 761825838
983925983 667141600
812915305 512384595
385324849 113797837
914387049 485462836
851553260 379155841
742762377 15269745
897575582 32622206
31648747 811628557
842679708 263234537
15937457 689574640
398612602 219045900
650387331 854882661
150230677 132732885
278468882 975587997
485788041 855550806
972039051 293801514
125034427 398770755
173334053 481703556
686459601 883758711
893284503 579187591
115191348 56823408
105693598 118625523
739843477 655058894
361446779 773111019
821439333 42250712
598584434 86123127
731187036 917034999
508729676 904438786
136424691 143277112
205768662 7334365
152199657 800514510
565328736 29298363
795165890 208971662
14746433 136483889
182807363 100995698
140890955 291541311
845484280 283322391
190961249 419674305
604165550 486857023
432658659 278272510
224758777 739769423
849521971 628829467
6573489 264624081
64707644 858924452
894131307 267533556
378215401 496096521
923745291 955855367
590730667 319626526
530228531 301116674
235388151 921727643
40658890 988765693
186054085 866152346
175658357 859441590
715410195 886994460
106667049 127464464
224032097 168026756
78182551 680090255
9302322 809815578
438379189 679870173
41772433 82829706
898631230 574636359
781228681 531412834
537674032 115788608
295403436 347950743
624144974 341821917
639189645 524127489
594581407 864827480
946992454 862245338
70728941 49082511
859096307 952178755
474233415 786892673
324845621 746465727
870302335 872014806
76426672 731865270
924484013 822586456
626586253 625113844
235998122 596996211
863209720 887127079
489216662 832478394
537003683 613032036
760241491 534459745
198226754 388783779
10963978 805019844
731262733 449674046
885115039 653001182
338831681 583838326
249346374 990946003
787490463 707085038
405437170 713584486
365221868 34518575
604753367 963444611
395149423 776590626
602738161 403747255
609512566 726388376
663007615 826365363
562755537 76744134
84989827 545613518
642622549 349938369
698050115 274617983
530825306 335212294
288864715 8840934
482188606 287406070
658793064 875828548
53859808 353943890
245920558 139826303
726672677 746915779
303358068 835999647
607964279 438637396
11183189 601009236
542280257 823171574
406859562 502162797
156573813 385430011
429134365 578688354
18227464 778785948
748388753 349395147
800818798 688713843
783913393 64841448
6011946 31329281
245087980 41086486
323795767 528021545
343522421 696363615
475105950 508629683
307548866 710824939
914674662 49649867
10355728 184240008
646866843 340625792
679181527 801536807
713067983 500930629
939245153 300234847
907582613 435924850
644063537 494593768
385654407 69436100
40309138 937453344
16582977 321106393
235051027 770473097
39125988 459668149
113190919 170707016
535379348 422476864
367853059 321606568
428299258 584747206
686296676 833268373
371706307 52660342
827720647 55426083
942542111 995814371
224873871 987432708
430345795 766291589
403947107 712278036
814212583 794749241
559954605 501174481
452037576 51508413
244971292 515887067
326081832 989797429
580372258 108381561
221623113 54222762
771554167 12594197
945998325 334775941
661868692 469810362
775894521 196231704
737209657 58045853
92089254 831954965
653652200 159414417
242898255 530451733
583733863 467755921
930904525 350136082
12897858 93615418
418624254 801677294
427828550 487470926
700167233 275083242
86305544 444447026
458760444 580458543
195273820 369924721
506983191 274920777
22981600 773662008
234090878 471409062
829104749 361593047
93206178 581920796
835197354 166937670
464733945 99665504
128587390 836800670
117061498 52999569
901074321 589306779
706962466 392674986
399911892 284639777
140064369 230181139
730113272 577010356
561019885 493338897
168436 811687934
908512414 843413584
245079939 740346701
879100305 41472609
988073123 760217363
192953173 281294646
989755671 676684132
678590593 381883816
667976679 210945659
438418476 388822514
894499291 178441013
497042547 403676211
314299395 43696020
308826359 85408495
853034546 441033022
379451741 969356687
10376064 997762556
189731788 868020956
561589954 975885883
11938674 754007944
561927452 584890254
175376127 502644902
800555119 818251562
3929386 674690604
73356258 739705960
202597669 674909560
347624543 809225031
579549492 803259336
860923669 437862120
185135380 681777345
406839286 508396560
302026378 500601065
291987514 124914601
147965408 787040301
999999999 999129069
