4390
33090149 999850652
845583793 470633081
477178576 862477764
9948631 550212674
163404157 327233996
513574516 425369599
114924794 196571188
95544491 757316018
743360153 698001443
96097694 191548997
510472433 380899554
159708408 495828482
630271581 53205600
50987876 558219033
778045308 504318379
68363030 719573022
839485871 931434365
612032571 261372552
109520286 857274028
308835219 933045555
383524276 603311289
848780503 413054687
56018078 918623811
714192714 399722671
701352912 131729808
948754991 340633770
367174144 563714315
933642063 423488573
423780777 580029888
203946358 942297783
199282570 198324706
935508726 188069836
876505380 924781382
366242851 526095891
396657471 893068773
67635159 112400777
845609061 337702494
413090793 313246219
404940645 222665841
44299200 911152607
6633428 467152261
976569022 276948012
552626818 989982500
448899276 507615101
837723152 203757946
182594263 350689346
37785434 622852569
278487375 610516815
901184003 109620535
227741353 562321499
283753713 972090030
593937885 405648514
830302929 404938235
70899435 94424260
777948814 929337856
285673292 985134212
537295326 28633923
567477387 640031753
280306614 856437357
502705840 112894721
347510480 67331276
46125768 94157561
178319404 572018896
491908446 948885990
59960716 299920529
853040397 204258463
326503414 559449159
953478380 372046176
155137590 68887249
928487702 262087241
254411610 27491377
953949998 925726685
855639348 898619913
646370519 458992515
374449884 970572326
207949369 214446601
112859947 555644149
95458435 946546204
42307906 450536967
285977699 701938385
183645439 625377427
214084752 896941599
543877517 731083249
453780545 181447522
248306646 204112927
776507827 784715226
598069000 116541503
27811496 500134698
839759125 327799063
527411424 373370330
48598324 529087888
288179369 176826325
756666976 885314359
537139022 997328107
366967255 126396607
55337377 979031376
418742685 752640125
41063025 327194651
417763063 952136426
86837532 540626376
927309040 74451237
868691965 20224695
888191704 480339823
22794485 12450219
978246335 398616493
61781480 486014540
126955518 339444713
930025280 975251365
217357743 514978001
745925224 20379816
721270064 4245559
436484177 205249699
448545957 884982671
453534704 13663189
40872820 150996596
307755197 545661907
399145669 554498340
921917750 84710433
741036042 644526847
138773850 303652513
149096308 509179148
711160111 362723355
896837755 672216179
709552956 900502714
191569497 587576580
707007247 178883214
916207244 25749936
897802169 563692555
493268823 689053962
34106447 643203721
821384768 14164432
34653799 903327938
628799123 908057434
116175517 409797975
309680094 745470511
891384597 604026187
988515444 594448498
179113971 106346118
34932204 187215470
887068127 927765075
765277596 635422479
942724741 320522210
299525929 374397543
75755287 479444679
236270323 368259117
828661449 660785530
851978912 322413113
575253843 709769173
896979356 935982857
315892082 964065689
284089237 382585920
185468775 680874217
226982653 52629794
1162616 356422861
828522379 228790552
38669416 421594032
413861050 727748146
364558858 608445923
903344201 65629088
438694828 61830681
971407546 662890552
493548195 900683239
614640595 762276084
995192007 671693900
21218081 975819633
701057781 105397287
817374318 765950065
757952398 838223035
500638801 966135385
880938231 142061104
28102815 530594739
498502679 357174290
297069811 396898733
568492764 742789071
1700141 504092313
696859319 735968060
234621418 702611564
148326171 660349713
128242455 188333887
602024961 958955880
282192477 828422096
988517479 23596611
452017065 421203458
513644748 843342850
687479215 585621336
206378422 102833648
68407911 289394046
842535469 99094199
37668231 785815745
466105917 960573672
479293711 484002450
97440120 611181429
393576390 154038279
449376625 847932470
22253488 213312602
387778626 130845288
644917908 831400808
358327047 2805546
414837382 558488627
41922657 227326
202419287 993500000
976082676 341557068
478706717 312616378
183753705 622505697
574279090 353102509
579541356 961836141
831388470 410040012
571835695 186264578
57791371 294252107
442517222 760786072
94353623 839276421
807493321 504732300
316362502 785544568
674880533 11602460
322026054 777187908
468951947 2437612
71003529 514234800
356795887 424029572
693700871 870802341
319383179 218222544
603375801 241634993
894153129 983565726
868844255 150194821
293495581 570673187
521254522 789836407
784161976 233283447
47753683 457758721
705645782 639841556
187767026 28463937
44393681 702936667
326759464 139894646
236527500 301549327
781790854 156529033
347052009 453100505
390175843 623830657
362278739 935171266
137290202 57565710
858375221 725929916
13313868 109114623
120076416 189393689
393583060 770454476
520063018 710393873
901326304 144532749
537309097 706026817
613616025 287238657
331227772 897739047
45162860 393573128
470815139 590959783
139133069 392198697
261177889 68342666
929189746 915983757
36022659 64198394
872561238 722577922
457561679 425885189
75558839 154723705
372511386 151783459
968699608 976464264
306732665 952650152
63347778 438615529
220734595 336320082
337699386 46930170
715438677 27766207
704121683 600718394
687384336 101084659
779105502 82528978
23965658 225056214
987396979 407238665
379727958 506681268
747746156 916533199
213855543 857209787
624682855 691702580
834780843 30443650
856188615 537496301
263599335 257505147
552690738 268362198
210962595 774316935
788112404 960843626
913904028 209080163
846150427 360843853
938691859 746579507
506027194 773077699
875902029 710395903
852081062 441746742
190718737 774691891
385642076 634856628
112610861 109474846
397803928 514332014
753977841 713506163
276263647 193875771
47109812 606782667
998824183 172724242
426244425 579274784
708710506 366655124
106646930 873240915
624261638 883993728
740208877 684052648
882231647 251420988
741811904 479563589
273769292 753357907
655558898 695898550
945998950 483635185
676036210 30265964
890251149 27259753
987824558 847215673
59701860 149007792
629339933 224193750
273137101 153831391
247845813 994821982
453912697 138862517
157995893 915150544
728453459 695841299
144457693 754450576
785779727 63083902
9731187 172230374
613421476 538674336
350379834 708696958
904195787 532101319
815645508 856506855
912917123 172119140
783545121 393511444
205491343 69442958
740412773 17820382
5131254 750569597
667759912 580215936
915025283 615076367
247974023 840176409
238062147 6463559
814458659 188188973
705295882 143158984
457001120 964889124
547790318 605222237
535487272 714431690
346207945 312534645
53680103 140881358
887356347 279881632
998763403 998638147
618216615 158619156
426113227 358824482
213712049 891392298
67383523 578986694
298950855 522343649
93491719 616864110
916860437 341533785
655119360 899923390
592517262 963363930
545268366 275985471
364159338 149734859
860656124 77691098
968607138 967909435
301686677 267829601
698137718 218504283
880637994 550793223
370542056 83054210
342855312 7804386
380799295 41476392
291095072 624231792
570737541 198340459
22055736 750679311
770377224 984903565
255783858 46229381
936133853 311307636
51972474 355721333
886732120 53381930
438872310 847401711
709950614 956829017
155582866 937453537
766848499 392733143
213149248 696221342
219634068 46218776
610264051 409762143
525363934 350402486
941516837 885804991
11062527 517531886
603027282 136327485
488610655 388471585
742585211 394377149
614140982 806289750
438825636 769960456
255308537 365478583
67328856 240635464
193035491 348525840
600788254 239225996
978188659 670394195
390939404 396796234
385607914 788339735
810847797 325132248
129325776 209671188
789350961 996672753
363748464 743819432
163880349 353016119
224638807 836089430
557318298 322134955
115163097 235886401
483103565 547777591
367833996 40870838
785204317 306286116
577611723 822795935
11896696 20798116
679839796 382524432
124246990 225119050
551789866 365436862
64297110 125240461
285364820 695088514
289670531 52979785
56890653 677991899
495332695 295548989
668427058 853463146
826247248 596740238
464744710 145557108
572874932 328778306
437850193 128906596
315982666 408974790
339058317 301322566
521778656 519093609
830276472 470724428
807648711 216772574
938459029 591544397
953185874 718168766
475433643 198155073
434501467 908950788
981828164 657692615
777341886 469358991
899344431 576829599
64843230 448575908
3993854 470427184
559190041 215713641
215851657 584431875
920133469 450046059
637059689 463934533
505126295 360505369
777278590 266063945
77706806 944325191
155101546 596260100
597040814 327497132
718470419 868484240
605076729 513181284
271787301 483677610
726785556 842893422
533581710 679476788
251853950 718588463
832164096 608538035
830052028 848254701
62830965 530536402
99882455 867895637
20802210 306122461
20969950 855731702
405447814 710078022
402707035 295908804
569480169 46232868
652374249 935147669
496394958 23802031
719713182 646252455
965459713 493590214
597395864 847941657
797991567 223932521
50266998 637095277
216719948 494949439
162802141 181603341
581766223 774615313
189375479 490191811
502453873 434006093
444067311 631165503
136404177 60094596
492953462 991542677
791212114 218544108
164872769 764798652
901887259 887398111
159676553 404210703
196104471 488251994
106148746 453049296
235022963 957062783
512539140 45042850
256849443 601411859
19152573 2979850
133715549 513467393
838387453 828973813
778651932 916686805
907190544 997505076
928458398 331423298
669280968 919424250
40379880 779809948
864724984 724499294
343190843 777064030
990636282 493829852
2478761 805240742
580452650 163485395
71594105 867817396
80498025 99072264
367467972 862985071
250219163 193844258
542816989 554455008
86096937 711909932
861629921 212833461
785031808 581110550
55746863 855166655
715702672 652023603
375270 859693685
724006733 111735228
986661996 768605806
446538289 11221836
517743345 171603434
663508921 21701220
997572065 629287754
954018532 787580900
500345455 677808788
170230455 541318550
22710546 94376944
803438780 577330342
300475904 539162158
62977917 692745763
402805694 425343294
953053454 225021825
891444620 124745909
399099265 908231959
166802416 327233103
593019247 736902305
706979126 72434280
609016950 311773119
18616814 377841793
501219253 193500788
70397284 54553538
704044114 670119
250050613 14435698
29722614 326645157
254907066 354145151
336880970 32479902
464996754 520539388
91604610 210954531
396848670 925855390
9529298 264089774
50033926 528817471
811443187 693175834
850830517 87362140
133919905 149763111
824693720 786636439
921975068 231487480
103102435 317649974
92114090 285311892
659604364 363880865
414559507 398184553
274109774 800822248
518353188 763527620
53212647 8580924
599707437 645437273
810542811 782089071
211743618 161034178
118276335 838601344
20028671 586881784
766861998 775190281
565626234 41136860
568848103 918232270
658113626 131891120
13343533 549477683
333039873 424253086
928124502 23882178
218419033 693391408
444026620 337829545
55861324 659798230
662684160 146795833
113891405 27296613
742144258 970626665
51527120 970325393
390435049 184907089
600074190 587841145
809492577 789191087
547402818 806858012
941078104 372142693
835833518 735625437
826665089 74532857
741050007 57099269
269185490 264980243
91076100 576755772
313745669 107977475
8402947 958248213
30660378 24170042
28700452 318406275
411833811 84342474
185261053 378721629
348528182 180428018
543540132 329085919
796253967 467073421
332916280 26134058
20752750 358379164
970638680 199364286
884207903 975195078
93551274 139150598
580634432 820795605
219160150 23560653
42984106 717484085
898252168 285204928
726081142 824355192
128180466 165010934
576712334 474026964
732504903 904933989
11461141 827326627
231823297 54146154
7823351 683302371
712818844 593768770
424062817 476324020
41244057 437795987
137709128 502153180
925932156 457529060
2336736 888159814
252478862 324587040
33444645 87967103
563246619 25174040
486162773 488919096
733166325 602824445
383218804 732587207
202189040 235818985
8637385 517037989
656818532 248602968
409216089 701746673
867100846 15195047
377860985 862410732
784444591 681237916
149567802 737852283
941824844 41178335
432237810 200726184
377628908 528695928
592262588 973029921
599205629 730741083
806136054 422640568
553962095 56800473
588355779 63395554
861323831 890022186
137769610 325400887
126148046 229793770
207433078 323227895
512705455 332602009
498338036 42247044
31438812 696927514
871553847 6657505
529265242 382384181
10137527 102744378
244417969 508438
121107886 220646748
991581549 712702666
496991898 493312824
985078943 710169288
338693310 59293540
145097820 554465639
102068640 791399577
705514045 630750561
293682316 959131190
977073886 977779031
938637584 299684540
518988896 788891212
644840830 391079504
613012711 731282984
633981294 327933244
39508251 567725622
853406777 584388207
115001003 671029670
53895553 32038392
736886470 987950092
391299490 71169935
320554144 673987552
920407112 843356428
702473203 547519740
22448351 262728941
903341947 845497121
241143055 160429268
152100729 724464754
494842192 215450631
507361329 580029431
443568983 73026031
486383724 742353947
190829215 59744923
102301687 842842415
214096103 54126906
130154018 925725669
966289584 765542562
970299458 9219029
1061317 20288463
35276847 686907899
63779240 719148124
545307335 441090871
706547248 834459917
593729129 807641804
910346220 488539718
63394170 31407330
263104179 145450642
697932004 352094469
366834208 105221917
401884818 928210083
546566161 743164474
22669301 22322577
673313577 198431197
66442370 5129351
362871119 250518049
232772658 145026975
993286702 55402949
693589504 806946010
877266355 847548070
822621807 805659803
769249938 608453710
742757889 798796842
379903169 815714917
323993537 908986418
930509818 11375418
999137210 90281796
862198333 40686139
735234430 460905554
806261324 183771777
412847776 495960373
635338286 146771269
139339066 702359847
407309741 535427684
528211560 300946249
906411224 336061663
354315467 22610719
560243330 510154078
249215751 837498126
544362177 743795880
624906821 167021796
894122351 89194029
268751026 176774225
508870828 425245308
978186237 666493799
48524636 925100493
55300575 779230495
763593631 711145080
210147465 381276627
807783783 33654652
839727422 39120837
410172640 46801146
314943165 151957397
235063548 665522358
44348875 787083982
43797493 200168604
176704943 712014427
880501694 629168441
343498423 350836490
444894365 690958910
72326837 674670096
546509713 15160578
502796664 689279877
229688035 335107324
363383646 962292963
938465947 961600076
808225731 305677195
615436042 968683571
220139910 645275457
282367809 9552791
53080463 750338219
554929047 66002817
239824703 297792469
975655975 16160157
671846154 312603312
18147152 168863936
801669343 58068367
57350195 657389917
22280883 597237671
126170424 94529552
54087932 467746200
80066186 972438036
150584117 216611807
64650390 774833101
122296933 122318688
653958800 940352319
442122637 293157347
438847726 390580884
463975478 436493460
728673259 466819738
165406444 299031169
186907141 874270018
487081409 778529568
874968703 592080930
48941768 337509574
8800738 528330484
53027995 678184753
197599858 403844629
194309334 203615743
58344647 601650439
610758298 34629941
764653609 392915184
210074891 592067000
445916983 55072536
35852244 29527512
225594441 439783279
420031388 10287551
299019773 64472325
986285209 408556550
535142326 22638736
923597054 281191969
749033498 564898024
36535173 689655022
571744149 130350478
656180710 235201835
65357015 48517922
664107878 1963005
566287693 912831977
744874824 139156330
863485874 330018381
531455318 367708382
89183873 4250460
347365979 757037994
239152246 607362375
472730280 57637761
331924758 541904868
7627922 262690553
976272167 743216429
701537009 135221775
20063540 489566143
716352419 816835747
238700040 325479772
871722503 328377081
547452730 287613290
823929219 110983735
368274336 949071730
211221503 499995370
405482451 839984545
469553255 91900800
428826290 981460810
877782317 76985039
22318563 427059042
641819332 653167244
635680325 65349891
576881190 258447829
823169674 208505833
91636559 843222952
342113693 32016632
212251583 928626025
659918642 62849715
835208444 73380193
321274943 35322311
798601998 790878521
723611007 868767103
771980034 399348867
752709105 980786253
374890856 723504945
679020886 344619079
261359828 213220380
282985142 996508071
580819040 692397951
872467164 698653003
109572649 819894649
454934229 156980019
348781006 959219854
318600821 173568261
629795572 129195047
472949457 543550604
332808132 68124429
55803078 696652340
703014763 305807858
558547825 10215825
895454361 348474856
59165365 497990101
59550723 387753704
10866619 538853469
94616289 533118541
448534887 686923557
486940017 715363670
193417966 520977742
259960178 187494312
548978241 17843103
595628202 917935561
36872342 596879106
611065696 917481381
98597607 392872707
248044258 48201485
804751476 937575508
613020673 61317684
456641855 553755467
692773264 11172913
153793679 231337570
110266088 487416191
442744686 510993591
403892839 34997376
784352042 112861322
535100397 64926710
765966296 604410306
583920478 395000199
910956236 2702952
746327842 19166786
938035491 563449641
2986154 400340757
839132729 93902296
385148126 434569043
481067571 715353066
133070523 307090741
951864438 75991800
9165238 725111894
135675438 45426498
650952268 673632309
770218185 679595046
152883838 137529015
921367673 257667756
982544464 273703586
161324725 957820925
388303947 32703524
49495738 203939304
805645308 525505864
546358785 494473052
532802674 430069895
352656081 649300721
110598340 257363766
739580592 611833183
783143049 879237649
418698985 480283652
408206943 136668599
304127241 209964898
776396389 930651437
429966692 60060576
568874176 656829529
759599504 195919108
797463578 638309000
518920936 994039422
178230302 123831529
347918602 396681248
839931901 620388623
828442713 559069087
744916204 159477619
609622140 767249621
739887267 45905392
572426974 763935807
466210784 466360901
76044588 450935167
310480098 63982232
317373401 262244826
804654575 36467180
845613213 61181626
549807055 348022449
42948340 855564334
179804238 506016053
128479382 742061925
553661629 41173548
54964750 111175991
544954482 921415980
43974427 7385244
871325507 5598003
414456653 86411570
5019663 20723999
239048305 465033659
418286390 841613365
72179483 20440222
467226908 662916763
169860381 287360097
905672874 63286750
560036886 394568245
258833868 298386797
309530084 861652074
531746804 117443868
715417385 582801142
703948950 766955426
135186379 481918963
558789034 928169243
299207030 396081694
889027629 915721606
409394712 925482841
78464672 30782280
498671203 585237289
18303369 28300200
93300814 71187768
441126891 222399312
766823829 753959893
400607705 811740370
775803444 623310447
21313249 32397089
30112496 566753310
804571800 604145172
365308878 582253082
794205462 299200231
44177050 956782145
150708601 435528377
740129121 894876054
954035296 9322767
159280375 39179454
161516145 161659471
366429042 220125312
416605907 726803014
675509933 392408140
53592500 672338595
875046599 431815861
953824965 284761466
829827233 266404846
966415289 804212674
753247331 310484561
959004361 435930071
3851256 495559901
728198451 696206328
847475085 46337460
949971383 544439498
5678614 706566297
432352024 850116563
202786761 4615032
481852065 941053440
908957856 452788957
276851358 117269024
491926748 154994298
428924126 910185319
113516925 422146470
772086072 127690732
780987083 205630425
971338755 971456299
69503186 423767346
727745692 55704708
884543451 442493169
655551459 866449849
526555902 596166653
608119486 48906101
426544785 10924895
823429269 766560703
479433902 467480261
518818261 994018954
47998387 197690112
378074734 333720617
785798851 163608710
341209173 19548627
467368004 269787633
212507138 1890853
374260834 542226046
940035314 629954459
467590539 830241935
123199526 742558493
599940337 106087466
3047075 323957360
251343116 730820983
17501680 641687745
9767957 505648965
764814491 318450464
501572236 427696518
48402612 738499326
919337395 231018447
330067536 314093749
368117264 41907674
748310024 160200192
956979695 114804739
545057655 776970367
823370717 198402509
15968705 476955701
714456367 245097566
615767045 925472265
501287033 750374655
398149617 467811912
659709975 99705758
463306799 11792675
126751912 176083277
297695472 549606184
197458829 827944640
858286186 308778964
502205806 376571090
886238547 763754498
24529592 16001280
333366634 465330799
494464018 293906412
165024751 910522433
821873910 411238363
686700582 271929215
389983768 340224824
541373400 683263380
904606195 392526607
673391057 89874896
955688261 384418195
372980835 876333031
987827602 547097753
434762722 911686256
351586207 960311322
544544038 298003815
394507767 583524533
558792716 200337580
707592041 179379755
307260917 199834241
337075592 539536865
67029061 613497360
741636906 307701089
633868005 115743203
830464745 916423897
843435714 473959018
188677541 383771034
58304588 143797369
826384641 665657498
252765688 346493895
8840163 647643379
178365118 6707568
495075058 544323171
938213531 24343669
5302050 527979466
421261073 259677750
285540388 28132782
218399138 442364158
769722605 923409594
325408344 277290615
60082748 666986554
958794817 253648945
931579656 41935009
748308971 535131168
7019804 850207236
968741868 595091227
882276726 51358878
779563869 596475742
70021352 236073288
651652185 221523721
688155774 402233353
22594691 320304799
82249226 959504004
991959421 934989704
224768163 847196291
876332914 69348496
605759269 250137716
467935118 202690148
384723628 837463529
79457920 475320859
139284765 230410262
554701567 954832811
64477599 26005590
655795265 89743984
547474712 533272742
489695365 981648810
224893115 475429416
237493131 148985596
752648314 584208290
628163863 583594222
467766156 349667325
862707570 782665067
90356970 808917190
429886953 558039107
580194771 490764464
520069964 80298
590909515 620268048
740833391 186382520
37493657 258084192
798986925 266929639
671257794 699888573
706140768 588926360
916108571 883771752
581460330 49812110
637911221 984789064
51935663 564605040
175469286 238152295
471194521 392523340
673560265 801961073
293149842 19961616
865838524 480292920
780449166 755654158
971445730 75800371
572889471 808385920
820132002 675917050
590502878 224308481
795855142 536578507
17833259 85611025
230509278 152999176
33178463 863730835
763516922 485611447
724888709 443951439
708902899 783191809
425277733 337155184
830748162 298337971
42979530 751508487
52580263 673907648
107721350 630174342
427397924 411008701
707349356 507633989
968185344 744779364
22237976 668490496
738700165 381084178
604795935 50844760
468656962 566930505
255700650 747317325
544380809 95411502
350655194 324384458
744721394 644795659
911619416 518036249
647896022 977974990
201617360 526654571
709392597 402711177
433350516 196209234
789608785 755523568
189899640 729128774
426784496 466735326
401879956 695653155
854310174 34096081
257681029 231980457
173066121 651239017
227709067 541583611
6014629 286005229
391012845 845575201
570306595 93406150
506252657 299722118
747899268 762555393
754384613 582323579
573426309 608238545
4429723 563148978
130677159 775928331
750794465 233501379
825398451 380703657
795065496 12471980
960216881 907064904
230220696 281934664
570556658 542292650
538547779 550556126
489559175 992386868
697011966 36467350
9829321 10193010
469581488 657364728
142991437 258166157
75907911 618650231
66235895 621526746
531230259 155947238
281478504 675660879
362076905 465557245
35448967 488879620
509384034 715222742
337031935 653230264
239292570 95412850
203643069 913215563
166866193 541472308
20526197 539019844
582913869 462990180
203089436 444438604
451315286 955552430
529711471 607716016
299090488 872558240
146263147 310434531
408361604 84157999
388517331 121304571
753804496 185960243
760114094 256440111
536861491 510482662
949868998 684010079
538661578 177913449
299079722 826633868
775684661 818456895
87572909 8250972
973543450 301636560
47999588 277378199
638247329 21986280
920358444 269906604
872333559 44247862
161189666 79740717
419836876 920185804
135054377 389940814
971893204 839679653
870815591 759191147
258730826 568203802
5597898 800160383
845238120 497982060
473155706 955704494
270009072 74972734
642403695 724543676
109420198 118335768
831876063 779388563
679988691 442381798
864020419 387548352
707216580 296868214
69522781 871045878
886490953 552195326
815077800 74476683
598916919 113473683
923313395 388633334
667017959 521385395
321783108 265582679
339012532 487244220
878949100 362988015
312859776 762529906
26224892 696601252
62819890 15806077
157664203 610545022
763234348 44505577
446672756 493084717
325915360 478037668
71558742 941645184
518562365 626496771
38139284 452026351
828209720 526053438
936447376 220670994
69279562 539881199
326651003 28483881
884313327 114278295
58941632 795415953
956628007 500947737
338322835 322530644
520186 633685822
460196714 41322650
537824746 119171375
291178112 655682609
787558538 751003646
273059155 159397387
710726119 104996637
24485160 115398588
168669208 838017252
392235648 794222847
531283380 256657680
837667755 205347377
587487320 958226239
313662262 241839828
643108645 667961717
993481844 611035149
847378751 984219
416160763 952858407
190356559 789014778
483577381 407654414
466805506 815868100
21967764 2790357
173155208 633972363
457376165 341740337
887338517 346817992
383325442 37611260
360553316 915375957
61768726 818154674
239121199 840117235
185691023 449158390
498565816 30874823
869795552 960320014
991333188 683630548
312839870 394434659
444379290 271107721
572860326 891941635
422686600 909620278
55337044 339715616
300491870 101523085
630865997 797667726
419373425 34279464
391702103 416111432
549082522 1551614
37776637 57032684
92979892 265449716
901716746 479997753
38470690 819971658
455921173 231539352
209757510 858052137
974470388 247253904
412715019 614409501
645133376 567213137
103734108 732362132
15946970 501177386
876716459 153991780
154440800 612811283
31817069 50338114
436205501 5562149
478169494 906263884
898852251 722802972
939682856 276412800
4352233 7514845
389054626 876264259
777337685 44091114
38138506 16501979
540819419 781791213
818978787 109733876
249419060 576312118
568945599 521050143
567304799 355067190
75245742 826993999
322088733 527463425
159857988 450592346
72562808 344914898
66032793 41253758
536301876 153076102
885478602 304730329
646675559 20495647
65887098 430070000
175153119 111711299
106333767 409116457
909832373 658023611
776025440 805941840
545500099 451649268
193013232 49528087
204575783 306098305
901252775 545548942
817103300 745062039
70473786 458654894
172294081 362492047
841552866 797666004
304544520 222382696
721052122 318915134
518521032 339679043
47584742 322335377
748686580 53797861
23539143 528148563
221309122 146458936
7404486 993912689
8689964 262424266
35032880 407367097
886234482 222195021
454412503 419079521
785989014 932190485
346369423 982706047
438479071 597343389
575431857 660983438
21111894 194558722
700102809 824432880
773130572 27625608
923491623 857119590
839078867 805246735
419612225 476218265
373162304 54492326
625937999 575056533
872545967 614691321
617213117 442054473
886253439 508037849
666188925 20121353
985813970 218479291
33362562 246358539
816346894 51467580
796451910 874834413
40423007 944200341
539541061 715989037
26662196 610008619
745998976 727951024
398067132 690488578
830039803 893094972
579064689 652631620
355241023 61412607
538639757 503875519
851100633 316903173
89365390 31616614
783675097 236806340
563017144 417995466
861543508 231534484
787817360 116430761
349122530 72185393
180042338 661401696
493099040 499114807
358452155 296872303
30709039 238921646
988050415 718259453
32130358 807787899
589346964 600853842
381942998 206940139
166655749 536162142
185162179 805724205
64542946 50128177
590884139 789120980
274633864 660435073
803020867 235588441
371861412 15522601
762225860 349213847
794388894 220726179
277719913 142290253
532240422 761406355
977562229 230977952
413282220 286666304
340177962 859804310
691358185 169666833
355753299 597485724
379489367 780685333
752169915 71764994
475227828 652656766
408683700 565328248
340976003 612283168
514175889 92893338
124173451 66501879
880304172 486402658
627219798 33526175
147103073 150915504
627363251 66269657
954513296 8146375
236161588 404445195
752749343 78284494
635560113 166432960
463399670 60619347
189406915 769757477
926881538 815127489
890392650 22755723
21119667 137865457
445238760 477043176
114535293 174643864
63626115 271465557
84623194 579798226
33052359 753106833
891900742 493568926
260044194 810779005
14117314 190246241
408458438 469670303
510331219 176575841
709203498 861758367
354591488 960994891
219238282 572676556
694585559 272800942
47253730 175832984
822703208 616155518
807701239 994974743
260545864 315114642
745946574 243041413
440950671 262498086
976803635 790820541
618361434 601908825
657070387 131335106
893103691 228787632
345088162 417368634
537781252 183687569
662782870 915489006
216023728 200022473
554958826 795431244
577490554 218629127
514816445 442794469
449996563 425217631
37980656 222032111
71734322 885565896
42589355 983490244
256810506 778065054
591765465 947423329
117137373 444448032
360989095 774869480
422670953 891040755
71529739 719421726
149262452 739192477
783548981 598231022
771180358 289741323
745689381 433512164
560885035 889568524
30231578 691630003
297576437 674474708
503708692 45925808
56965497 646595962
656732507 884116052
524195851 685756538
842920441 486915005
715702541 526652212
598620221 730200878
265872222 333548394
928923961 237049227
269730786 872198086
821996357 717346782
59272706 57885266
877405307 92973525
93202986 912044798
88828217 253245505
149488716 862655006
814469794 448933784
335864412 43043050
459765020 20888693
624437970 155426299
10912981 283727890
57225518 817066963
986154549 670453460
475131497 471097174
942782580 515841727
213349262 148568139
65441290 469635070
951235620 16427998
499227434 916789597
233573048 522948892
575175258 69339855
326535514 25505148
116735706 245090281
638521375 835603796
7414064 858985060
475755424 967589984
913373096 675505311
321663865 747285055
602993871 731995162
565985482 533906166
528053754 417051644
904942776 818537324
190538173 662491022
412538605 919361516
770872948 289854654
430429204 496222886
837118141 544659101
612762719 661720621
241316348 637767650
10754051 395407355
392392406 400502116
533221300 70908649
904654263 389261476
373477172 285917623
139038028 514241089
590923713 289278346
710150921 412560513
585063585 300452969
632086948 492713423
240407452 205015999
167753624 428786487
669027199 68790493
759291299 473287404
255263385 880724340
334683465 219840195
35234627 630502942
22845263 184391349
715054158 319541462
802320960 836447073
392623005 12106621
821139691 153559175
65450127 41338451
904055011 437329806
178471048 844680834
66807552 767697408
621537137 922252438
923295702 865930248
397932087 866979070
763216459 260003579
111825226 107568270
80163327 268422092
831489823 838376189
65194459 212815254
402585262 809633128
960792195 744043542
95946229 746881228
118071532 323106350
115763315 630934671
61470409 963241060
73233837 943277304
708274441 684241761
131862445 288175538
439103599 596809330
676043134 127843405
733593590 846440970
503217585 525351613
771711329 450096702
55933661 853400025
853941686 24659784
587774997 100473821
123923393 449694212
811019131 69481706
330428048 85443190
257367213 214740864
597345269 851513922
120369489 699058954
380625671 49774387
31885711 351711826
948669090 227412404
951958163 698969096
18169826 489861977
139744527 559159104
18879150 968236376
754383798 46703602
481734181 474603785
651921858 509433720
793518905 827896938
107235695 874613522
559893 113792157
542751358 707445349
537158573 573997160
707946675 751598584
371177528 61028533
45123673 477416886
927403951 900779278
137223862 669796207
649096017 131867177
416015522 244606295
41913123 415715418
583188719 178852486
504299111 175340570
513342709 595704694
639725099 68876936
385746193 667742344
355450813 544390117
487485220 265623679
295792944 65750550
613208339 129938178
430391770 451723045
136881989 566733599
461250774 1673152
901434152 814201283
900377474 177235385
42301868 154228803
524106753 69680772
661940678 768623318
940443578 128901564
627012334 529173273
16928215 120775583
289850274 417381001
11226057 976750477
143927265 803996940
898760125 872299149
224223153 547457897
845584687 566074823
178259353 57926604
173072215 820617483
8750376 295431747
656746933 493825353
413114732 323674947
759382667 670392087
573279099 502774307
198509408 874336559
911182062 16613280
890110846 247625453
73149025 628962391
47287414 473466581
101421556 479206222
687233684 781219083
465816013 33199725
293443446 64093658
282143380 778762492
148810867 742408238
128864758 961073199
339693355 412674073
238823714 251705751
357423616 273836370
436796239 826274732
444885656 266226097
747215924 80394826
392564831 250084276
526360206 197290289
79792899 781404414
412424862 132165252
686692598 264260818
652149928 79285579
135026159 289930908
98308981 167505906
11394923 909986921
173291218 900598471
907592995 875349354
913972751 47776896
612053918 694047861
908807809 499657393
87750307 991038084
53266944 574742618
489305530 465828148
829441385 701506648
409435315 963157318
592473886 66965999
312052257 330258722
634439041 9691976
120761819 977338191
887127420 199276011
699283321 855698684
664303869 887884107
634516701 139146363
75124082 63132988
132956327 60657090
35164243 967924339
219717823 903353063
358248338 522026765
460944591 695645867
699335731 36448011
578565319 618173168
693959860 50845901
588824407 377286969
800555416 169089950
537966712 249339698
150889962 238726697
909080548 648710440
513351093 86177532
478840729 219473036
190530699 554647820
214020698 40280181
398537727 991641137
322839086 542188058
506505771 628955557
125046495 203438939
389742635 633707145
740359292 956528953
232452256 387831392
931891672 340339801
1680432 881488786
63328008 60814215
223709694 187268075
653020137 895207468
242772540 343031577
862119576 447268062
44271260 947373361
538606072 836289488
192196812 942002475
416019503 983381853
953243402 65513826
909804841 937479811
691314321 535637012
510975252 503897954
334149666 845192680
219282146 691265985
551944321 565268579
57871051 461109641
755427064 483132017
553931976 590549320
911565778 821693667
595245848 690422959
809729760 203248875
253151423 115268372
72555513 653315745
54920709 618336753
542839663 390827906
485267693 14120803
784073894 173928684
43556814 470291628
514556027 653279907
13394871 291317937
376335827 396922191
272090367 331297405
858896920 27892476
697856961 340855740
894390197 148556696
99806812 279974721
344530076 42228089
114692081 154396545
11624130 496808404
110964456 522989845
804175003 922333510
279628652 455408956
384898984 590771279
28069354 455256150
826193642 653039571
265934230 686119018
862694244 16120729
993269478 941950881
183894175 112199370
633850389 215359177
176632615 708060794
334080417 157556691
43412752 278766618
343507149 620191829
665849447 306755075
287394336 162518025
581693388 145513455
110386660 451471180
821329113 144146815
617558184 595093920
784566447 74821815
391815615 736888875
788459122 378098813
898128319 953047093
64597453 858852125
447953154 820081070
354210663 52791496
645977640 727882150
542776182 632850960
622890131 642350290
154823725 454415982
529341162 612760078
330467908 377737916
331960727 876870869
736369016 950150075
354570569 489154507
442098442 833314959
342874482 915509044
541535295 196269374
273917642 635028346
3199712 484922676
762962378 76770219
338671029 567287234
920067378 785100792
237360917 66453147
99345540 961131576
134862673 774098517
318823047 265183842
42491716 178231534
761915332 995411223
383914694 292857412
465860876 273838614
388100924 11352731
607669744 83166405
46845964 573350683
18648394 795322543
186461464 39206481
591144365 738964480
652222290 877875369
504195070 733958667
984758057 4494073
603617759 706264517
725558547 563190009
748388917 195660871
25321481 790655427
680894892 607946576
554552833 288363608
567685425 622270401
674965124 597398044
64262264 859324447
544845075 1530197
198313079 630728468
411575735 812648368
555361769 728445422
206476669 147803323
356736973 442347294
958449908 703978604
208436708 618041531
435808947 729870744
226380598 943175421
197208529 774201469
980271245 52120258
428306539 368326969
813187833 597075980
818293282 748124753
275018314 31362690
34099357 731009835
784631705 948674025
791462909 780400276
741622720 651234484
597351798 224623930
899214813 315012722
16125880 516151347
744612307 899900505
458915186 571495284
919121609 362308034
86902242 298788955
940656041 202397356
795729732 501260326
818493346 871445047
870542167 230639226
117933223 71195436
755161056 180235229
917436910 945925231
975865129 306952252
698982513 576564114
736394365 271584614
942521200 219813701
404911789 550369678
284874477 144584671
377516687 996178381
161146415 65752024
612719481 71158941
379646527 322712142
836911050 118887520
736778350 507872643
347150177 422808023
81696974 913816925
632756772 599441068
347092148 356135397
77768315 367587304
513416508 36746696
72071123 62627454
908210629 561529049
56271645 305460158
660065905 703081101
311140170 227631073
118778534 55669886
82184151 261132420
725305232 213820649
268728127 263463205
184200860 179646767
374414210 18126761
118079487 31075928
54987945 480749270
434753837 523586955
968074548 326762713
807885666 174723735
737186998 687094209
680983068 134308461
69880383 890780161
16625569 94423972
916265187 247611634
274036080 870947572
560998458 501774159
721520346 213366203
418654946 366645687
387613549 23037052
467870970 394429231
715639674 284192090
799130279 685470
930785432 108191393
612318866 85986894
594492450 522905918
32725096 992701553
682294710 416607042
450943834 731447193
37846969 669502051
164902043 353638463
645824460 366263930
356784612 962905150
722710879 122104838
3569141 397013333
963272736 711200424
679878919 245178281
752471167 218821541
253219686 651404352
48794167 454231144
807661527 83557255
496197820 76652797
91424809 68856781
796812754 202541718
372813226 936720326
944009210 21124107
860915632 380018953
716096250 154312273
461502996 203815569
546375775 277712650
129784754 859900736
990481908 233021173
526073067 948174935
717165647 769892985
342015523 609398784
539209029 221650463
667022915 220851141
598911600 515858708
361818423 836952854
372317104 970665899
693243505 5491655
418340263 279051737
976414565 697980558
503756859 237156792
256419339 541810057
546999576 480945669
735372128 650242742
85497388 335398050
58844645 123238522
561525801 261837076
379844638 440565275
763088134 754731782
913952532 936231494
451787390 835948740
829161684 312688010
367282320 441354688
659393262 973376731
754861054 257188113
94005495 68056080
564533454 80072687
733559559 536178789
542081228 69447226
926645308 273341177
548880901 80891631
941214005 221780817
774208845 777066168
217724567 247622099
397085882 713321053
661337996 57366605
140800551 569268044
941954111 343713387
129390003 93095958
55242849 339169348
563156031 85327601
480764328 8923855
917364211 758865975
200513098 356808293
886072505 770198757
420383622 771549000
923081409 142724381
4445211 11170333
233144572 640043684
243723983 670240360
802293153 367991653
632728810 22586648
288813738 858758124
685484216 93243641
617114711 867523051
275336203 212259649
63405995 503729849
645588662 133665800
44168940 665037262
722982163 710406857
322730530 994650953
544224894 502717156
287533471 657133162
59009498 647982620
500797556 859407384
308860421 737429272
655397113 526171484
14721648 733301733
981769544 163055076
581960576 335089778
104494526 21865602
29977387 91408659
12679040 642025386
708037988 34767616
963853044 874425334
608523427 693086418
280216132 469818021
14981223 509198603
405845983 149922328
936138155 46807696
455163127 833329749
801104249 15118117
243746820 384626564
383382361 627809272
695079743 698809461
616671702 232531992
623581992 424047896
713775873 12264697
631155969 166863106
250718959 325311218
158401872 852207087
849130040 11620800
576159329 607052346
12675708 222651647
357420737 904877927
225109716 364384951
584898500 496772250
497895020 753476046
391447553 750752029
72824044 607552143
588461521 924591838
238117114 559446826
448546259 552525038
36970191 547363379
528453995 355357187
466998424 523942177
794237246 600577783
826100500 762154704
491139000 133368135
254153213 685330943
832223110 373865877
52090004 515369939
841740828 321649191
860879389 370981459
312139312 821379429
585337953 37118698
211035709 909667423
505327148 478983400
537698049 201446725
246653392 658643969
998528511 874025452
939483040 391258828
205828094 658423376
457686134 651396421
916494217 460248844
66986031 255218508
909556589 840770532
6423083 730047268
640572734 242856508
667431372 44061684
829960145 330129310
181328126 965369929
722519491 186315832
866735789 765051027
238850033 849300827
274355017 918576547
650963966 852629502
713957702 298488628
559530705 27873594
198992799 849232479
59193108 314577610
168019022 48310821
205710262 831265171
993016533 775687144
6905964 732308506
305554105 412387826
84742693 621251335
584311297 609443309
598259108 971220394
233955259 580864361
510444004 216527987
367168120 289133146
779650215 31396216
446901963 79938967
263588598 100429042
41882575 988629341
957960090 34161600
811017116 348782537
21245860 481684962
601181656 956414305
281946848 651257599
700039716 505034636
48174189 354755297
907175083 18232598
998004510 649308148
202870424 700299948
700194328 855292362
309105821 416492901
67979069 540054425
257809773 106739000
410681773 25604795
220268610 165764479
745988698 493367598
639083352 272630138
824804975 465186834
957117040 39400655
564916192 471552557
91407694 961542146
786279907 874825322
799694395 482518785
397134707 363487830
758868100 286572444
692800975 486034594
421035769 262627845
662422264 118863780
803062382 213327188
482795574 268676053
873594941 161055237
314552468 956162644
979790019 251610232
843371359 918073186
502584799 254963568
196922027 128187620
478257526 810952341
123296206 841471204
448531441 51326707
29108709 719813648
276607677 113525623
909752904 587209786
486872778 400040824
319982368 45003991
54735629 770832684
498737106 831772543
235709183 70711856
18135944 149560946
476207387 254235649
693070257 366115602
363783524 517856901
203508864 92978786
101075932 692936323
420281195 525135246
577235726 15371816
295530924 713776227
888894085 418181503
162008259 26774995
827615570 864412928
260905714 837542001
816759947 539821057
14331842 106329337
372280774 601409855
747947127 558722249
455842210 785906519
526979750 19292770
56249919 58365264
73333921 300953065
958429633 710245134
353889274 733245352
298629329 276129760
429893136 951397006
970452251 900543731
18572419 61927082
153404369 80763356
168518575 773624756
61112872 965294354
974677824 241894276
664706516 849261170
710986912 910627992
635637655 741426617
35130750 550859922
706182576 570017038
610650697 150250168
217030755 428676981
211436731 662633075
336294522 345607005
981283406 428232145
506603455 723958035
142854337 781750275
932623237 232191308
262968981 519835615
370532128 807785376
935502226 703808094
31172202 447330569
798528835 469179679
195584059 626196072
223084917 23312100
755376376 430613248
377825468 649573391
949318916 24855802
817159918 46918958
876860745 51570142
962000806 824077676
19523506 662235424
103859395 369830684
801768880 817523345
227681510 279612466
12028090 438521577
915710455 420294857
852976323 639180869
291217312 108940703
9935 408760483
928324049 36162709
256288086 407424103
326660922 123287855
321940708 990903513
310825940 230418201
496361086 906025636
994809689 60584096
568275507 952365144
786287559 841543477
81774481 798633194
282804193 793247726
420723759 765519407
397287854 4146182
48370211 57876837
80391416 167488855
81454732 594552745
82700750 725681381
871970826 804476034
945781507 653904215
333495617 429538389
590380204 946718580
455166810 662899950
92074662 891387564
527584386 220641789
464111374 454085518
704038505 748089239
111663302 116597330
863727811 12522673
472881655 309975376
146168778 799432105
520437386 445645703
378054331 78376637
523664046 765090583
507299413 315231889
39407957 565722055
298277725 54140590
869364406 318942592
403052828 834297852
23978191 164429520
956480479 851636559
95805398 149122920
841944950 701507032
8214232 63793822
849872310 161387951
624477202 24217581
64590586 570686033
355145110 207279983
69831833 439374108
256742832 216950889
825392501 317558228
243779442 867542975
67304567 820010273
898240307 228227196
526714116 247887631
655401230 633247820
229721483 397902220
102891361 331368962
279539706 157680365
508266832 838209554
498782279 509502570
870914368 1453337
37516011 541426845
12740958 326922319
799890274 572348936
45775382 828161051
804866732 578659724
436825753 957473920
28579279 366753010
964324194 945047464
475860051 415675749
682915498 219624033
480046788 170169846
369938159 868747932
411399476 226032151
979583860 32653296
466838967 891206689
694244032 780666900
204290789 344784846
163240221 68441448
895736411 982701247
896290586 587572589
35066171 328919288
33429514 770476360
33250470 870927199
818045059 55671364
437218376 165396032
118721759 603386957
82214092 942315980
244823998 18522230
21504614 405257877
31684228 850595700
873536324 603953172
113338834 364020768
946344484 150449955
308512792 306367993
538818 565234820
498286595 168407968
494672989 409217880
59200773 778431834
469255738 824589224
746719190 51766674
60498467 9087713
659424495 779928915
95253731 803813454
685925136 869776081
283239115 731104168
884814267 32329186
227837488 555824003
757634998 290400893
34379243 665294301
192414093 304636226
515513303 899091604
4808718 780678642
846707543 49971180
2698445 916301811
113936333 330588429
500775579 445826766
606104356 700710019
243580954 281627824
41374281 528506045
41021478 606030060
128066984 702299278
222267486 707484279
796785594 44239279
498587053 561969770
70951799 985429818
169363133 937711236
10086619 879140913
105855099 950090661
69884777 92060149
668208795 582226004
429004447 28497615
367530515 655843131
650069131 752236651
567730078 251457958
758446138 353350231
121005626 168950279
876921403 354491529
338032043 616386164
15503650 51088344
965631222 643871527
974280714 743822972
56891622 395752701
885441805 10750106
954536586 812946425
679774157 839675058
618130869 784973246
191899630 21100589
97445757 341760024
379055001 65208792
644138173 221666163
842321403 52255327
494915731 36926307
166233540 260216536
915368674 962439962
151034793 726242107
30189265 538268661
51955428 110327522
209451338 627033071
711038381 188722959
19560316 42468397
802508745 986213219
804201818 922552176
864235772 948035687
51513883 847794342
516578701 4149256
21893302 261550426
204612298 714694162
973644398 930497086
464420228 455155387
27007300 338487208
786083982 51589916
395504766 784079890
222227266 865459117
444541224 895453850
814383099 65910481
675229840 701217152
953658012 835766600
641337032 930055339
149710600 764570302
832745768 833923107
175495080 470468155
934454473 977164952
441269224 114477745
905004299 254310362
481687226 438036339
577597968 21674847
966436113 250777272
6643008 309725888
13845607 31587868
42838465 1803837
912288056 389731102
390317830 462382388
111904133 155605410
81339201 205556909
583712594 110310000
802133993 570719697
79386408 976237492
783524407 290193007
463871636 562337149
173662634 23741303
538869414 244540478
639739526 752262525
274697842 305660752
271913040 727899967
345094547 241745774
969423955 209918999
184809123 813003063
391611423 462233736
14042054 323465136
686509061 831567544
943648538 161780415
710205852 865448176
414849359 275383729
728754751 954205213
794595342 684698037
274850188 422343250
420012680 447203423
970565606 586302788
977977842 513693221
357703924 966891725
597239813 813204709
357458464 468104554
496307580 156788318
295399705 300317373
491303065 32906930
261165650 58645003
543714209 484910827
844212097 915038398
831691612 953720690
319266337 890983141
345019798 718484121
19492336 465491375
445951905 7866131
716547953 263956980
511399120 709149303
745968234 492009132
688565501 231578561
171957351 40262006
26839302 294352
254727990 112837393
206674757 661764585
367708010 43041767
308800038 108677682
954581720 453078141
442833551 765207608
714809117 706515460
711128173 363797354
902852630 484124364
400732975 572904347
634689126 62437580
68230220 189514628
381869555 379058203
370107 814171968
767372393 653405561
419474553 312001231
959561654 573016262
212613895 903435411
957906060 35446667
626843625 746428374
254921954 823849836
45500971 148109122
390729331 470067387
804401617 931368806
662114622 346199273
605158004 30384440
945268229 500877067
304950694 936613006
894844110 93248602
598388608 46500516
887493476 718920372
1752861 523600025
415527895 743447324
24657183 62044147
372802296 44497463
275186219 353495830
643112670 687297740
678872424 77609936
506776932 787725899
73339652 47624144
792541865 456396614
843240112 26649385
257869710 930098675
267312671 100413652
156346427 710419113
790177675 245901612
886739610 37562473
564326447 603669105
386333915 223545681
768970446 904828229
711814126 468366634
715605547 643227442
259019276 313929691
66431886 992072994
612072751 654916083
650747206 949421541
105059733 682706212
362105121 597281966
940092482 942943939
611697398 736449430
869587322 622103113
493955868 45407257
582675275 873266133
213411056 57575829
24992259 223421095
887446866 735846861
315951279 315724710
725442857 644632426
554415 511173595
468616155 645359224
792559380 677724916
911316437 336961254
94964548 356001218
19507977 167366920
527877471 742850747
383922539 68464150
905923020 904073849
164796275 467387561
329653941 26721849
813367966 780156740
874115721 342488669
432412141 322337480
210823802 58551532
692635749 997349119
7485186 475762699
461458317 549573395
597357652 925384844
840401395 520974356
646857974 418013280
136250791 920003446
315114535 70111517
240434878 930699664
821113456 21639290
794659281 292325406
19080220 983154902
470543995 276811967
86684083 717018035
66984929 42101113
885023375 484226615
468300063 730386736
30371653 15190444
231555046 606125618
112442926 930175485
960177887 127722670
34810857 199648319
496412220 206534456
58871772 54389542
300728368 694448967
634064038 976798090
691199861 690074551
857791160 322095851
49234889 589828936
426502848 946522602
696072806 514891548
142803503 138438860
440438936 483416381
503915452 252448252
502455845 179571477
34485220 761362054
182192601 468002804
290974047 642637981
347052550 210059150
831911862 362235414
147475200 193986682
900501934 234858218
846280095 219925172
737093074 528606136
655754688 77124124
972809967 93530177
982728900 118542581
620337817 29858795
460102671 359156326
31094693 68705853
387081098 245161213
228136112 24998761
102461474 168174887
763127447 4146364
545959495 429371321
391270141 270828847
973943918 874282090
565557961 945367515
641296783 125440086
11470503 329765502
80722856 854726781
268152704 978746872
905635384 694000705
121879820 409109711
915327172 997244908
46676547 734438318
608882006 167319336
463807449 716510689
706174713 538969990
262130897 299614171
340193342 900119287
30902000 446720433
215323066 422126166
184959286 426019229
68177544 39684060
424647795 63184507
651613374 206844329
613125555 517184079
54070788 397841474
209828555 358735037
583420920 352949518
79930063 909622671
280877255 921361624
753699995 442050355
368122782 206715473
283313486 859980091
587509035 47322250
286650058 19573467
138688549 282520958
851353141 826525038
434511811 132478086
404818555 603426545
11594820 249473251
550144713 455838854
406717282 71076920
835921171 276808947
926128873 139715852
639364239 864799521
126452511 798036301
647000120 270784669
147401553 482175176
711342413 479492122
535065167 54177714
526211535 803487725
326647022 289708322
972983046 538221712
806034566 36821396
769547261 140585760
340657524 414337384
232386561 931046366
626693529 17766241
341331238 98325681
720792281 460196647
327924418 333589411
332335518 772528069
229584880 808767840
566121299 65418284
893964814 636507066
40551147 419413933
359138111 854319144
898790741 814948483
568721642 637046338
490335247 996342343
799478329 622967366
503195541 669916794
349718171 468479894
692648934 5146879
825279555 295134008
355381512 880353949
506635943 660340309
548333954 209392514
124382465 51490491
535894242 45950395
715880657 125207386
277350969 104937405
5676121 912392906
363951770 618839775
194328864 588208580
479341471 496556510
312176240 240698277
679199204 447935320
55283162 278150895
120120201 337310801
628972458 802195399
754786996 429164208
925993342 504832631
961011725 83847107
417335469 531297773
578928960 345131703
598546135 424179259
176994175 757025569
222860894 107437845
989206014 72544120
942419176 393772630
154417269 854768537
735801825 942018172
585578913 790614850
891530486 33314600
35240387 781397143
777856156 17715103
159429919 820073120
799603847 137738058
146467454 834123720
657564723 391098424
680513965 52369503
426693983 327441307
60315646 263843097
157164172 253422664
209774784 84110734
147494274 592689977
507490257 630301368
814177740 917152267
476034060 55904632
11603767 722789760
27386324 567821585
686878807 876621821
567942536 8249771
951507202 366386189
438748693 214247121
931078355 163270364
289116007 15413237
621780393 239805116
563779311 271667430
565686821 480076196
292602912 24767072
49685041 113381292
919924467 66750589
901657457 40565651
67540582 359899451
179177434 19667769
1465594 537497856
307744797 850764325
220811567 780914451
595376176 387608576
413986835 809965599
786964430 990755095
463798192 249830069
68538103 29129437
82060184 816146887
594867816 453883496
820428126 581369645
983460398 568539887
236131100 723373604
815870993 576127058
687506926 60483018
473620512 134156690
546789493 994583459
129144109 875136852
42829141 19527191
555381584 8767588
258745783 375238385
311231075 258348587
652994503 677111266
40939651 100160319
472814903 322333436
1742487 378347987
839002555 198789431
41467585 886488131
58797965 843733232
911204587 398399882
979167204 199942757
511123784 665606092
789523847 632508474
102813896 347911885
422031160 511242743
45032354 352952951
696607809 422104711
126708178 182832471
842058988 386631355
644910484 320789280
983300365 973293509
932815341 993762088
4740216 785141182
705724706 532501222
84787072 60894241
5189953 845027450
122413448 209904204
444765330 676609317
171463536 829073925
717444141 277759949
135758874 211262963
962339431 301301626
840460529 851974690
319371099 296486364
479392864 152332416
80779623 22020546
323591256 120402787
71379887 356014500
363458767 564103168
68846234 582352410
990462523 470968565
378504269 643023971
55479837 58978496
964576062 840356063
892548975 277775429
850964636 62787989
645757243 833066316
373295326 50546862
340046087 29502210
438340670 668509944
624092002 211105394
380632381 145487461
962169946 20502293
785166107 279172233
645248518 443822911
539042912 501316895
472817405 854373549
996228438 130000004
810807516 252532992
76117644 219406906
320865988 356512313
992098133 711764838
729301977 331920193
175910983 408182099
455801284 855999075
569657788 831281133
724590386 263150544
892248660 22161479
535467603 24902171
610016625 966640406
895992668 795429562
208994746 291458867
60633861 233577611
65232283 180486173
179015947 759113292
616839101 560693364
656289455 832390945
18807192 549088383
774428982 421106450
657469922 570907815
837435495 769861003
262312212 853966842
766209296 545358810
426586606 593708714
438192001 169250741
839821298 11227788
698297871 379488689
634428902 491795352
745905043 388998092
403080278 58449518
487710185 10443237
592334864 926808783
340679793 935794237
567232678 583429153
632254097 129732608
494626543 272442860
597934640 672498102
676152199 268879456
197382717 757897681
478909770 117391564
454225190 99825443
84230109 616405032
171756386 641035109
760476197 30615949
836220391 416845234
437998797 638289591
379927732 975035657
692603077 917168266
500170057 433992398
441693630 212894090
690714922 97404233
48471729 857102433
460782688 2240551
286491219 218993245
77206519 63981812
933852584 608519664
904467585 852241830
710874738 522431790
46425748 340503317
69089206 520712274
249798466 23794556
987421247 110231609
109499054 84516090
70754590 668106981
650296951 704720915
130748960 446317564
800894529 426872367
995659873 984699719
612576310 586691098
253046458 236686131
927889281 311229571
65453129 324420947
499190483 851551869
255630577 932713180
220705505 922960897
726722521 890373927
515454179 232248937
258348523 422515251
466945302 454979319
269172822 852814625
843550012 441540940
660008717 681675446
277086999 684000753
623572805 925840860
703155954 937954514
124971515 391125025
587170328 662822846
979604076 206695991
633003354 133436648
12420251 440090738
498460557 75231593
67812302 604843341
477598730 896400316
215861521 839074789
632420653 444276288
588517810 533851773
595433174 22253499
370515395 854093048
44084459 971605968
756348572 414179170
919151060 883731855
61885272 214655080
651131133 818896357
876634449 660090843
16111960 344140840
738377391 321711408
925443032 315895438
258747606 739992067
591436279 38684339
140539122 86858896
322671665 21050902
571271280 384375353
32210569 66546843
287879044 361579011
489890045 855551755
607496101 793964312
910336540 862353295
465588748 850217798
31220081 16439354
714920504 478722431
43158540 445570940
506166381 244125783
10681602 405649070
781546544 760997001
775087083 292067469
923720396 651092851
865336164 764379576
370445777 540753301
595578766 26029361
900658576 212934934
391845006 438621921
1317282 725140542
863341835 775163412
569377115 756416509
323387571 955521017
915983970 67402339
498156214 10229797
72822549 410804518
21088329 715621644
581307164 669955104
409915173 973952652
772340705 184950734
903386118 495389798
676072211 602433489
411736364 667938491
13140261 879976817
137985245 360356501
77579213 478248469
427974624 60557918
922502277 2418124
439278595 873196133
290750222 367665608
628165271 56673
732366824 488265437
539368175 6444261
213822170 5850631
487880933 569757168
577640816 99883233
690717525 793157984
567519608 705652782
70060194 148817018
261497733 150215252
653004586 723637604
807903596 860650460
864606171 546205099
537132234 268051444
901003426 469468350
334450044 710614765
217231598 987554417
20609060 679880893
611338803 796762490
771673259 697104253
390282859 323207671
694138042 196679148
17917077 552553447
734720575 449924587
475425066 383386028
523759087 643015423
177553589 20521616
258446782 69145300
749236797 744111421
36096872 548807091
620207055 55167044
931816172 964043026
659964667 8404118
305213708 652299780
893414230 773400076
663103950 282569157
35372280 940946915
939298557 812949040
65007873 278943546
256978601 45325897
290851338 602061203
214708643 145887923
710166206 501341528
327121410 837419066
268561477 482010707
579146145 377030219
119065290 182844980
356788382 459020151
666570238 561366798
195830749 608894452
431313814 307617242
980794243 838149660
951996875 445443315
593832315 675772652
548802009 14615706
898099189 17464455
568861312 571981678
359989217 204390575
491263622 658120956
227436408 436012370
146096947 198167597
641724596 895662331
456608467 236975057
641615827 137146717
557948728 755799836
986317272 216182732
955258933 307397669
132954890 755313604
910826020 617114216
549012851 122662240
796904545 43810116
663578466 502740964
824958925 597239422
374385130 753550388
445801804 593742012
783628129 672320346
568439879 867766795
309709281 563273987
7594283 917659226
60303818 403201539
118080488 16820733
212614206 751409869
437325426 70292523
285942180 36190716
366998340 552104320
85517350 28246733
452385752 556199548
243447347 174312354
37793584 445104642
209731837 117732480
961652816 947777497
135463676 743109010
111688898 781687598
205995625 522839460
904762128 314435856
644970436 51236009
741574990 527528691
242320462 807319094
607603598 504318254
921774224 293441540
312441449 957121917
94652114 730136690
842785149 909831552
864525733 168481024
944193001 419571001
354653786 379414741
816223443 749236626
180953993 382031674
36182498 915049173
416558987 306638365
449127877 274857778
669653759 559836303
64961706 712942909
758827849 587381062
511911111 906894957
985614606 455453980
128421077 928410014
930836153 955411854
611173008 73120657
69328124 84727615
375355704 287941478
760920898 936671346
397484051 637790503
133640776 933403539
65502955 632439872
490552967 57677743
773463687 35848705
19053757 723086582
556559165 608711707
908575341 831888192
806661983 38653736
33157728 61212294
807028679 98836771
264117531 41584485
11379793 477823468
10867059 59288989
68043872 354275270
843383027 650787479
630325074 716157401
817629305 57136093
164955927 909044400
513920157 160786327
252494487 150158011
188433981 945765661
926605893 787403470
374856444 670471009
537641109 418240160
9567169 39006079
655788160 785837901
596398902 789541681
907766785 166260181
305431626 765453148
927263386 385809819
553875631 67386502
828876752 550266598
372850525 23802710
205672874 35643747
35781389 906422041
19025208 2160290
62396097 21957700
422260484 210891925
451659317 843487467
361295274 806285332
618020982 927852359
666659902 474863451
671502924 536861239
332840671 643732618
179874501 192006076
542227244 686571556
380990390 47688060
844320459 242836368
697151539 566925630
300475876 61164443
215821080 679380851
374038947 291990261
915043716 503990699
974986938 525421744
822310233 480600861
397085660 500176580
729973693 729815329
220975171 409574541
843815836 84331957
150929963 805110091
250320931 85846523
39199575 23830690
276464454 63540922
64593799 433537814
4139581 30918361
99139844 350162072
603258365 622669797
450275103 182862580
704720331 112174227
758169253 692964959
633248166 322070839
227749997 408028656
901185238 983944778
310694350 222970403
930934886 843371755
615897894 82116440
669947299 583309659
859909715 627871826
729020577 49906560
267070781 151380153
44243640 1917793
862101578 804112280
210228477 268568495
696265960 448653791
853013204 325061691
629529607 212249826
641573982 571368057
46524062 901069017
76688130 618497540
317148704 84872030
213504490 467220250
370781966 590649842
54944391 210134299
56847208 339707000
616588550 404990222
987205427 35968952
30972643 971657243
91619575 787570653
733368662 760083986
23525440 252545783
170814943 10479076
909935647 192699258
67468482 895010340
288629162 739797694
959791488 172490639
158556791 702086013
656507241 367295360
743154469 688725080
484648458 176299131
292999636 463460946
427858357 137429668
928629928 190055251
936112130 452597318
121839689 201947302
111203402 555754061
28003942 368480635
153356333 425754315
309658670 133041510
520516108 422693751
221042901 295442143
348142480 721762857
290024469 96949696
466976802 344320351
376085674 344854986
722766704 81350332
547114709 766272800
114599918 719171971
479314650 179633866
825687379 862762272
602536834 559314227
40271640 798585760
695055514 33382060
685370108 586164276
223308146 69023207
294639491 968452530
426470239 476149884
944951922 657782036
629704761 49945959
536186709 735971319
597147870 64505224
848700921 61491996
334663597 478492706
165437682 11404012
564051723 107324765
523803670 862030827
646598626 687306949
606581504 20825932
399339549 873610184
40828815 822811485
434798893 573081659
73230436 588208149
24437897 579209942
621608807 56386960
558994468 730961331
144748610 269295238
49444095 889864915
478641892 789979357
781910427 441099929
532108800 412232730
497135226 612831821
317908364 720976358
977541799 24288411
285512003 218063503
199919150 126154257
251916067 3489159
191387806 607188900
76436975 22285793
523843469 439093547
7582128 309078234
69853974 699253219
184001578 355644494
60448335 105239786
839376754 255663935
330682847 958219204
629561432 4168787
129648232 725164249
32073974 173252178
708286739 397926900
236845856 69963435
619035661 638599878
666346233 459299823
350698757 743782241
61327206 547865173
118021042 426962621
48035465 565436469
469807179 124708151
8364622 795775118
347103757 900269837
473452770 205411712
107048377 723280611
409532731 37835474
923335700 10251329
806165902 563107949
562350181 320261650
9540055 645889247
568203002 500452647
95175762 131778521
159890339 18608307
26954756 757755057
463319093 377091788
224954162 216896737
824621832 787743471
287853032 853654150
89367930 559228028
607624307 775557858
700351082 40343350
360614376 669419738
581698750 718262213
464420507 550520697
726394333 692768309
763475624 404313195
569695285 485523572
33537133 425736835
476684727 930362584
951514894 855295030
605555286 660708502
704727280 339396125
441887372 710827596
524435006 330004855
77893077 124401784
858213224 491841188
15596849 824194046
434641822 149610411
566613414 267642534
294023002 405932725
850128572 879936924
973933267 488275088
608702719 830867438
366130315 135258925
548273281 514758930
834028482 507133986
127467349 38378333
895565568 398078761
313498645 600636045
461867663 636179615
566444125 101158464
304490238 564240390
789449550 157600890
46530464 560819844
729097228 908594211
45500683 936804705
46538817 783275911
726986649 430021773
133823127 162778836
440767978 738865432
158538049 344332960
431596384 990386103
222225523 28845153
816407202 395074374
894627045 627055346
454602778 499225408
198156885 458076436
710228087 592268873
926980610 29059563
221660971 227445925
383378737 59628412
6169838 266226366
112850860 841082678
645334585 298818466
204021310 865730663
142084556 30706051
702154040 454667458
38108459 897892916
472534767 245158111
22946584 869367218
29651005 423117499
320172063 256851098
300538106 626846772
80988434 712229036
17403021 521469327
375047041 158257486
454315604 44623347
168517 275269131
161919549 954701801
815116275 700719375
267764018 492373989
965409136 341785005
889392549 344588984
189440092 433092314
997921801 205962779
460314525 749214127
99967320 158643497
412994526 783456235
590432654 575949537
180445711 523535983
39431723 549420199
458425825 825037760
256136373 208282819
93587531 160764552
917359924 488819937
785387016 631182357
310405301 353439888
647761430 687411928
41055690 49745859
253288505 336178408
307382529 745664851
758012790 573730429
171245434 540407163
550569112 269298805
247863632 810817626
88034478 162557650
729894434 343327860
960421771 15362874
713665941 874583345
258114117 730074997
418252242 418523485
642089399 696327155
854088198 148964775
684568831 324947524
941189345 142673698
912947200 810687390
667829016 87909831
861204961 344914778
624849379 664520433
13671308 662618487
63516032 226287583
493621808 302418197
993633198 744138805
759062976 348532476
67423795 461970556
707322737 106322963
461953366 108400797
8151618 965320681
810392165 116003434
960400234 195926831
910595633 658988053
241113330 449428028
588289933 214521527
251843614 601784200
305223122 163982539
767316474 153509425
291089246 401501360
476675028 5743737
346315793 982203179
342973886 685831750
316009423 146871778
117867792 170579873
161219840 533669346
895774435 970508087
701558547 28366875
823068311 705194203
733353206 23740893
68695117 529481730
188226464 422952804
22575982 272628294
741181576 282421834
18341669 690276836
647493675 231197198
727028442 19433022
987784330 824725652
737699015 425302104
773618601 569023653
924549216 119644511
239699473 58819179
927787745 781121822
512875855 975593461
157273030 646768263
730264178 420064185
615840596 717464625
124085393 547576589
729096464 970205908
777267011 652772012
584409669 463047630
312686886 220873528
324116611 258562977
286124633 575830962
284313626 575745139
217592577 757337092
730377891 760977549
883988936 511584119
116425080 3150558
766519897 731428669
458212408 425460596
685341669 273009897
492101444 143040008
515393441 959522034
242892356 549163122
868454213 371276084
893615778 346417969
77386639 339075950
31613967 543806950
441277118 2658244
8395000 535267798
109676312 277806911
896379161 217603180
670121317 404036169
158389226 632150452
374102897 532960050
536811819 982937312
919420557 691968173
991465822 620242119
944822799 419420243
193367114 622160481
933060045 144576799
689749881 677900108
195292326 17397232
855147706 937758283
968778490 483106827
398567584 238864322
301018413 306794902
99207424 370625595
858500648 637552670
65815415 274142947
931542487 80256786
814625761 576395277
142804908 101990982
723518179 205057966
458191131 372207729
599426147 117553120
352383004 142593454
327296523 184606560
383281580 298157567
484683209 39864849
847310924 710672326
332859474 158350709
105781888 410328650
773695386 416843578
25160017 576721976
461599069 72167852
276676300 684017183
102579610 147467834
823813249 686177522
982181138 711456254
785555973 652159114
943087566 648067119
118317937 72034339
697529238 277889708
895119328 613080794
73298555 986429045
666152948 989315636
299862350 228721201
448824402 691093658
522788390 90008745
504179745 122986966
357940958 410955595
5421967 970634136
969613204 100933800
598942285 869579763
377071916 195391222
972833294 556792800
169449419 68315791
686003467 955302330
7317852 758538352
373974146 930614209
310959118 376898747
477761331 12630680
251411668 921922869
644407265 714986438
707544548 734239689
871658455 788386872
377769273 507255043
103100769 103322301
79266577 304651925
862834254 687878793
202080367 470897110
602629749 994092467
981788058 64701503
899916333 499138487
221743260 890453996
147320019 682547188
276968388 421350944
871480135 232160303
676099109 25335233
543613551 584790799
4683797 9611737
240483763 326880927
607026606 893411347
18179456 3441872
479568 89626435
325727686 713577458
140631069 667669983
868213882 187834689
177685116 418194046
141387796 947138391
621482647 474392672
5776403 911068852
661357277 719167974
825926002 341367355
451920000 158389014
534380860 940145075
848907767 112825368
407881462 250475593
594801022 564849596
809721134 686691084
617886610 397523441
382199284 982291312
412839285 452293199
278548829 119843276
460416944 815195791
476054530 858559452
24100493 921739533
55591808 47870273
543462039 332975949
930442995 644343803
67597093 182303859
467890566 810025716
843260108 998792137
486771935 460646520
427067880 127689533
852417962 753847
205591317 559314400
816262168 992846914
702031288 28139112
26870367 87538323
775114358 110287279
211637045 403320965
710273978 959541554
13742169 61497049
613280820 9673620
163680523 908294319
548543829 568895768
732047503 834103825
275057108 716827177
126962862 321949291
726788140 724839894
131591220 35037453
795711771 442858063
875042163 780892584
154744356 135532905
769625279 998969047
603762702 989936416
339997424 288098451
571276643 925409295
281410531 383673020
23826165 738112506
188724473 363536279
235966542 179482693
104225686 41355851
42178639 74292858
588825507 809535843
506097034 814936775
243191309 710902095
662318819 452900477
342585156 918931171
601690107 977879699
478856637 4170198
38976443 235047457
242466928 682811204
961461959 620164325
501699930 56587309
317579796 191482305
57966079 924823540
155376978 559622459
46170075 145227489
210715513 415504379
448392959 214285471
387857218 467147089
98764916 44111550
763755949 457398701
613369547 368901938
115696764 74279204
884687513 158609106
489031862 532055538
911071479 146651098
624750885 381384435
928408064 585705578
795201751 579827240
139491159 748764421
795399585 570600248
408930975 174662418
752322199 400405997
966003712 585059167
458076821 287557811
220553385 956026009
447835834 861033244
397764936 777049557
527475943 849329246
32968342 759804170
46576197 809315795
653302212 997053844
989205948 9858425
204670740 865864371
999075453 428853360
706949191 676272650
34029691 684199294
506802464 769298977
806864103 299472782
717756392 212670691
265909442 345401389
593812460 462343712
672934729 457953804
16606204 31505932
983564925 822129537
506305772 568353726
267303846 532070661
461217815 719469491
798715343 917004215
731769303 328689224
8635461 948604888
128393230 11472964
286215452 835512141
190867616 958211915
124770218 920132640
964022263 72370283
971006729 172990207
667008893 410650260
786865306 726648252
327549990 852355864
93548157 196117963
498066660 29095984
96345626 776093383
789858608 557526389
407665307 756061421
79032200 16467562
661265263 664820640
603796459 447795441
651144905 422547427
922773086 307264978
67033118 385442530
280834411 602389816
48747693 913265770
425496733 37967668
674327533 461299052
577853190 53956663
225024551 785295998
590792121 902694812
89461472 6691930
483701328 144223772
707296610 938447964
647708006 434632280
962624827 787512072
574953758 363106643
470024384 454139522
406249371 66692854
384147333 576539412
2338696 630430345
585173223 24831406
391451787 970656063
756744835 66586716
551365084 356327595
61418685 645650649
904107181 560344901
265556792 152155900
71560888 723189991
978384739 191178051
7256244 477921618
528872170 916127056
94256360 524644009
768365633 328329833
102910358 654842868
289720095 690222071
630793607 594822046
203080445 576886792
550195336 445704696
918849946 484210125
569084393 721440692
675362170 517441564
20684032 910095466
106616930 899018734
324172194 853682454
38363104 999411426
558859951 651866776
586892731 113258937
824790151 162692147
961018509 53854425
937679247 248338959
607823914 460111050
426603182 396975032
62219311 175518907
350161362 236891804
508422772 45075199
414925931 647991440
897763235 604106631
59983857 175624780
705223583 28053617
844059220 705554922
167974419 16354939
945687705 924915051
752910062 125839234
671462717 118230322
999720163 955143952
77235398 486721159
552131560 156779725
39542332 475219477
564227000 963669255
850412971 581272173
483839569 543429935
409790116 171693697
875028086 572163675
604777149 338789417
469653038 225793989
401989645 985515682
332299587 579750218
347762609 728790282
106227652 16428523
223585353 695350501
299484291 40901713
593952891 399064219
946748312 587623232
729982319 730965495
942562524 326199339
425675090 105173162
192847471 457729440
337591764 938759366
290482995 625083351
848266921 697042244
492552527 420529448
526778380 789742206
811917485 564029586
629413175 31972533
410585467 458249269
607356652 587548300
959466158 709201880
728318447 624940939
5281404 949440356
279945 528801438
672539355 479759719
135010823 119325843
593953808 655799698
519329593 837418655
438083355 429416251
299416308 10948826
255907394 77502428
62934929 824975550
350650769 233094546
970662507 413669292
745319765 513829279
264538725 98915688
247097506 968813288
331447905 193426072
478159823 975884408
184482762 843879240
913972981 956728315
500595979 323832169
34872949 468710468
738852885 440108877
1155439 188567495
151461085 799220268
852299336 272617248
539208668 187327651
376758575 461508490
14744718 768651568
726686866 856358249
321362931 70333623
261599137 144133825
864987921 817834240
726408917 937495996
932398448 40787256
142209640 752595752
434010013 955681386
326497496 838062326
243418535 856318479
52396393 642829500
60880807 748680315
690037408 471018036
800141870 657248620
707674312 513172923
162744543 528643200
507732080 548396755
293398745 805992379
417951979 317575841
32636224 453498373
426781390 567928432
283205565 20935595
590708342 473350700
457428733 641233624
37865602 21117672
964425008 511001125
496456271 921865561
999653002 230458118
861736074 674834520
227000262 257174105
624107931 188811108
57928862 735898844
778453553 263134493
232971860 999289267
667794878 887311819
369781293 813765862
940335354 137722325
34129904 148879841
734815326 188258378
556173419 691187187
906193578 33251675
1481710 513612495
405901152 692259038
624224462 152701198
849380678 349276365
885551588 767586986
17365738 899840965
27673357 822044036
618187540 136939400
729459110 954316256
426174300 714561404
653829912 927678692
943659671 454240042
371866441 473546524
660473184 503438527
178776359 805709561
352970390 205435790
359860003 362880846
537930202 157447820
54154672 886571473
671843861 570247890
9577928 210824608
94383087 299502111
641535847 755689913
716833881 842968403
761542670 438310784
718470916 271173365
199010625 361100606
724201703 714313135
946157321 285782172
990675645 414250701
384169586 147949868
336539524 405627073
212976654 94552800
38949632 57691553
19533939 118958225
884885558 802893223
738621619 367369850
893884401 872987056
226892017 42203835
153892672 370040255
918501068 829139413
959600118 565883767
3890154 290491700
32292137 651627684
869922926 560738720
737557940 526814642
620885387 565592011
204779189 38506037
418488303 281032903
739769359 596428127
418729039 368507021
433636585 49342094
306431972 333432952
549128749 273568186
574394089 576389575
692940042 465086474
179049248 820232222
27655538 996865089
235246158 281846790
229021853 536691530
866647226 662971752
524015493 910362801
874245043 148076054
916032872 898222376
223553543 958035011
713086537 366499077
55604878 395750661
947565934 774836930
778743963 815689434
25164261 986306941
864097936 937487392
339635958 190667638
206240331 715681180
558679737 425271444
965354418 437851380
64885382 103125215
49250605 493956917
435990896 23465735
592617000 742954830
744371421 389522140
485894549 550578322
716034796 644985812
902204519 571982138
298062598 55183753
463147032 910251233
528827987 664541239
812848420 20169991
857654852 219973442
52432782 282690958
357024522 396758958
361025364 324434751
679584284 695243941
215024389 491958854
22637749 82806774
835162668 439799473
648203860 454071440
452669913 168085750
968762170 24795402
615007521 731443307
114628336 281883167
351601564 250183116
25233600 719656234
674443239 256193976
252623924 689404590
85745187 899095347
984990629 846321873
420792949 44282406
971162279 972991964
476856196 558420443
443640469 620763836
50283264 12420993
49019152 422841732
981569043 383060142
80885875 856783849
313475064 171619800
416168556 604515781
899246182 78982363
721283683 952407957
165694488 761555830
288250375 124503291
579827025 184648142
246929867 98325308
458918483 237130985
79419237 133102530
484488169 57897268
174410831 632762011
149558238 771583230
757742665 163724537
246008708 157407994
420103125 659985329
654021166 874368193
684635834 414582204
950459318 29779278
508251778 626730680
614141688 894204800
43903228 809186663
976505940 590924956
778917563 235214383
326517808 5665993
975944084 56745369
424615284 39283090
374666020 724888275
802679821 269838950
195896135 81433134
177420139 63664923
595965602 711677856
682463490 63301224
938902811 787888451
960346828 272362086
740589660 617089492
662953413 622620951
209515091 195386164
254464110 811388639
385272756 655161579
411495756 842042116
726893174 14493857
20721512 719748147
593461330 966342306
847452874 891661051
321921352 43924579
22994696 137446480
828686873 678280952
55248823 572824585
661020366 115935130
847160041 439762785
162119983 187418663
565861825 452269946
938164045 566855074
76721887 76356566
628296185 219321007
565033701 922784988
156437322 592419352
311952638 74378841
916870427 889436490
806118741 189733372
483532682 455879384
640389019 951288281
801593211 763298040
818063749 847842023
943570195 548368385
65939278 701802370
200938045 212183283
39711788 351762921
772397352 449397743
495768805 300549825
386114247 473414331
101294653 813823888
625634640 134935359
95665532 615247171
893948606 563436042
663933166 548496041
565495631 111447246
203052645 393420534
734865414 633312480
627420596 648951873
194828586 476524985
461161269 691545606
674641093 29092217
412042820 826368932
938936614 52960094
27108804 714318560
147318624 278595663
18943637 617811553
811139529 449338711
558391328 96312370
610703995 594395171
943137494 594276419
989200854 489148804
642384036 110055143
311895292 491663856
602846081 347316056
581119060 976374785
561673700 578846255
863873544 291385076
325990731 770990060
54136456 903313707
649424053 11125620
937388291 106779307
484660007 974484621
301045 732460959
276228650 29646436
689966483 51480788
555311179 564063752
565672031 383100986
131865498 136807661
826605468 4968297
326946860 851082090
510750672 439352857
211920538 70412604
586232644 484188841
35353216 690993664
197234825 136760985
25767680 642579388
23787760 966635792
497043258 912754006
943548176 717955415
509515995 316626715
144002372 393328988
22597263 157992762
790107179 198049841
602928263 46279240
888514855 450339978
993057014 383862713
2563294 15007043
940749462 188614764
196104635 334550486
330651427 554958112
132037230 500200680
61047261 228335352
579446888 108886717
370321930 72389117
928197216 676395456
908126578 321841559
669416145 836623101
404091618 686761753
473497209 875628711
228890793 726569014
717935323 420620435
36332318 927514501
686091454 21128890
518862616 787742978
584795820 180113339
391974004 868283532
11556215 56226136
492156051 146292840
945572009 689653491
29386459 482300861
704644385 341368857
584816943 20475671
204666743 839933687
74453634 776763619
37298313 673099998
941315394 823987192
71836668 119247556
797524964 705781260
432658609 681040835
475074912 890167355
32917850 895375257
9973174 525740933
304531678 330543398
223968863 163623757
158453 33366769
714690790 855869403
560271509 57190819
263234899 703310042
446358647 472460424
92844721 664954842
439919515 532097045
913553297 300440271
22981571 286513758
711856264 626679440
871766518 312468893
727637679 128854361
284391677 670495918
290864674 32795978
311623657 606938517
919506049 584452838
379347083 1213430
351059826 148427669
245474811 410031003
129977117 345594914
406758162 340355826
981375150 51404605
29206258 857365901
3326681 802140154
475954550 52049568
972594763 61403729
948611533 64960903
657882180 821141403
841021661 379973180
99009790 431670555
648924631 411150308
483740730 102242931
961133228 212656964
326496700 73323051
47570579 817946437
908527565 385594926
708695175 512721268
577915321 246876748
615985607 442990724
457794130 217349817
503419988 156180170
88638060 770552460
145146230 256341184
183961439 452609602
372888631 361483139
688206216 80379448
395901927 953157460
579726024 94827828
86690455 528818714
492084484 733273821
790729630 940783071
638130339 724720190
364435990 521967439
478382867 951505992
695586656 767524924
134612292 192215629
862511516 802343453
327029291 125320325
627726898 36124810
834788672 266821772
308186188 415749057
701589761 21079010
242422617 758764324
186111341 329412202
928981388 347871161
162084490 620500204
614784602 49114282
42269407 727559059
70552322 437294017
668099067 254765168
78934779 625118196
354747116 762451445
699602574 583348183
196731592 33789306
804597056 943296036
381000488 970551739
464478811 880447032
392892584 759300440
341663085 37982357
965949800 36280660
755470539 678583136
261321614 911462295
343906313 876593379
381283266 295554412
765568644 864722444
595497905 4174340
261227992 420483821
902146186 353142001
771826794 776341306
890915204 867154091
694694880 832500942
351510102 586104078
122378147 482656807
552734141 116105690
309781348 316452069
824214522 56510770
591636884 918963279
104024401 98282014
265476587 693793742
231237771 940712713
72314850 799776111
245966197 436821060
53457208 21513317
23902561 73611905
225623153 47938950
918641566 312238424
853714770 242658249
664470538 894059974
173190503 633665230
361170304 744313000
299921021 878057814
350184034 694128965
926104872 4104135
615017746 431292354
129826110 234303144
852536955 417058731
150508122 848541995
141614216 178999920
950853210 906661790
504062122 496429541
891834338 527706105
399339094 887720642
226787543 249606740
701245828 990498593
971367652 60552045
608820530 465017091
1981946 174731047
670024160 642598091
636902598 332047110
34821137 402549697
224303940 842469556
821213904 236533393
549302061 6412414
267796008 541474761
690599551 796402647
737201579 583435870
843124733 29775317
63163630 280457256
443447726 318621615
380054533 508451937
186957660 174669637
475675154 857392682
421656854 490257816
225595316 206042886
212687278 985335629
362001295 114870621
299371836 104429871
323898060 300677883
280930201 26990763
72945559 150572942
767959781 95449169
433559458 907264811
836627970 610068056
882256545 9093835
448760599 451767067
155969740 691450053
321863182 776839573
752320864 816210781
322587413 350376938
142997790 225377077
678937889 214560221
910819531 207827925
642346086 438175578
84106158 47724074
41931490 758284014
616158741 317025535
67601104 819110986
987778000 429691789
18750258 8843973
512966324 760552424
798551634 114285526
20886299 98848653
119874106 57155997
618879069 846904285
857851703 965067099
11575649 4692634
376827997 102198774
458617092 784238186
3622917 503683702
288500406 231663963
770895938 880022667
272127712 740967261
937270649 150974212
36353908 797092546
220301516 503315545
74852453 979671235
437853344 381983010
208750125 47952379
9216802 37665951
865870919 918018792
569996987 860099885
736236470 163710576
331836580 46358230
467106173 336256090
596776785 571462082
586822949 438245842
90587901 387762879
99850042 585580007
261668390 106414014
47605710 971340812
587819024 686226006
224296180 427114137
996233024 720134719
858939718 24276812
659873793 834787287
673352288 461179840
685777634 171810464
980066147 154104828
32620856 55807424
787402611 40341735
246044050 375164031
92059705 495203533
160822867 961300684
621632610 624773085
536057878 16401849
805546526 451164842
804563518 761046011
7082402 547752108
345079666 57030251
205335462 197675712
500038684 323017864
832008167 518740388
821515499 647064818
721779623 742948988
283467089 381104112
733702184 536133457
238708230 185362923
601370932 840801676
530623363 522352113
748989336 21728383
571364488 822571060
483560357 346053084
16973975 394391688
79690670 102216252
113829494 5428456
313639564 348664729
347210417 913677297
999999999 999906669
