10000
8386
7477
3654
7635
9026
3181
4347
8460
1827
21
203
5384
9000
971
6309
8745
940
8230
8355
1063
6727
2371
6707
3489
235
2170
1230
6246
3790
4414
1512
9909
7468
2786
8731
5083
4282
3084
4349
5701
1036
4183
1742
4788
370
5898
8554
4335
7370
5333
24
707
8379
4836
1769
9662
51
4515
5630
3480
4062
7375
5580
8703
9216
8784
8423
9020
3433
2859
4789
6850
7859
2402
8099
1656
7716
5790
1796
2099
4002
7005
323
2327
1859
8167
7744
6344
6212
7985
5606
9025
9539
2148
7798
6648
5179
3314
2453
769
1672
1951
3938
7043
8729
4678
3383
4676
6293
6538
8665
6203
5647
3868
7659
3218
6735
8503
6304
3655
7529
5755
2439
3564
930
3123
9763
4300
6608
7498
7428
8171
4216
2325
9031
7116
4513
7745
4567
1194
5850
4158
2395
2648
6284
6447
6960
9573
3062
6030
6597
3852
2432
5105
6696
5388
6690
4865
2697
3528
9436
7631
2547
1864
8321
1413
2285
3469
4154
1787
6436
5152
3531
5340
2667
9969
4849
1881
7254
4694
9206
9676
70
4218
5395
4060
3794
9165
8855
2450
3114
1076
9413
6834
3620
7668
1502
8876
8849
9795
5990
4427
8463
9815
6737
7533
9370
8242
2866
2609
9536
85
1052
9842
490
4757
7129
1640
4397
832
1018
9762
589
565
5862
5745
7887
5481
6748
8342
5392
6693
31
3463
678
5843
5066
6915
974
4121
5235
1721
882
1092
4009
2392
9432
3657
4487
2069
5366
9631
494
2858
4770
2322
1785
1538
9363
535
1091
9183
3006
1660
1728
973
702
4848
9761
34
6145
1890
2081
7629
5515
9527
7369
8428
5973
5051
3057
4479
5533
5859
7084
9731
4418
3510
5742
2513
2407
3941
4105
8114
9333
5628
4501
7454
3787
5033
3355
550
6185
7213
3522
2749
2730
9647
2568
114
7531
3997
5657
1765
392
2833
6042
467
3083
7246
5215
8109
2516
9147
6333
2755
2791
9838
2574
3360
4392
5151
7848
9826
6527
6583
6904
3165
2502
7820
8246
1369
7048
721
1662
9949
3026
493
4150
4821
1810
9702
1989
1190
8874
1730
4589
6581
6035
9937
5094
967
3344
3074
4248
3597
7405
8648
7130
8557
2254
9882
7895
6798
8699
9784
5561
3016
551
5059
1466
5796
636
7176
4922
6419
8436
3250
5178
8546
2146
6495
4855
8485
7834
1408
8128
9058
4779
1338
1280
8160
816
1393
5284
7671
3282
5981
7191
3251
3886
4411
7117
4117
5310
2182
3933
3010
9562
6262
6682
8658
4771
5039
9798
3096
2641
7538
7333
4073
4570
846
4314
249
5170
1188
8483
1001
98
5128
3183
7894
6382
969
4211
8393
9736
3189
5081
9134
809
102
9438
4542
5726
9796
5498
7353
5654
4557
8385
5372
8842
6869
8024
6606
1029
2185
6952
6190
4262
3288
7018
5666
456
86
2617
205
9296
7238
3415
3512
2000
143
5550
5424
2483
9754
8121
4561
193
9133
4698
8972
3408
2157
7408
8592
7707
1336
8641
6962
741
2365
2936
5003
8129
8297
5368
1405
8580
5749
2985
1473
5662
4507
3853
6923
1715
5167
9077
1824
9953
8312
3032
242
269
1793
5158
341
3063
3177
3482
5134
683
5339
8201
7970
2974
3899
4952
4074
3226
9748
5434
2835
8110
9685
8221
92
7235
4839
771
2102
2460
1955
1134
9248
5129
1653
6532
9293
3253
4370
7978
7459
5467
5276
7655
7856
8339
6687
8432
919
3464
9138
8881
4984
1131
3120
5964
8700
679
7358
608
374
6168
787
9853
1005
6741
8181
9137
5010
3361
1308
1739
54
9494
719
1866
61
2039
722
7738
52
4256
7900
8777
4260
6943
6073
1695
8467
9355
8763
9350
9125
3200
7833
2684
3792
2024
5053
6401
7656
8963
1712
2934
8713
8903
4593
5021
536
6148
4580
5485
7803
1428
6964
7373
1645
988
961
5247
6854
1880
8711
7626
5186
843
6926
5996
2770
2687
4022
2384
1823
8935
1758
1364
8282
635
6352
9954
8759
7051
5706
7335
6761
7828
8817
3888
1982
9571
856
667
1807
2276
4046
3674
3289
2150
6814
2613
9814
1288
712
2529
8263
828
6947
6579
7059
1696
9694
9746
8771
2162
3090
1625
20
9481
1235
1357
1432
8589
9994
8550
2691
7403
1104
9331
4740
5410
1886
3722
9453
2705
5602
5659
6037
9955
9091
8487
6453
9473
7785
4804
9169
6350
3173
9119
6180
1124
7090
545
1941
4944
8617
2430
8670
1582
5296
6517
5604
3422
8400
8497
6268
9483
7139
91
9463
1456
304
2129
8847
9889
3435
4998
8813
1497
9381
1406
5586
1546
8722
3304
332
5682
1045
8531
7278
3581
1561
9898
26
3577
3898
3640
4429
7101
7365
1812
8299
1221
3550
2805
2147
3320
6211
5555
8101
1169
9525
5018
1025
9893
8398
9928
7086
4873
1825
4522
5391
4560
1552
7443
1588
5853
2647
4255
1975
6187
2250
9024
6843
6460
6001
7767
5457
1668
3608
318
6560
1857
1527
9330
7564
9566
2466
9224
8318
1310
9008
2473
123
1687
8773
8564
2959
7156
2330
63
4124
3903
2092
4015
4644
1571
4594
3419
7982
746
8553
8437
4007
2077
6277
767
4450
2055
7394
7622
7067
3758
5004
7234
9608
1869
4208
4453
9051
7055
2636
7794
7891
3468
6546
164
9322
4134
7140
3702
6086
7221
9301
8219
3219
7793
7977
137
7515
4970
2198
2454
6405
2666
3102
2126
5488
8951
2337
4144
8227
7467
9981
6724
3186
5684
5563
6044
9129
2808
9950
9425
1139
2293
700
3606
5448
5949
7740
7320
7904
6931
4798
1882
7012
1200
1761
7142
8568
6602
6068
8139
9298
5412
8873
9951
5396
4289
8298
671
8331
8870
5055
361
9429
6244
8826
6565
5694
3107
4099
4491
1023
451
4359
8495
1421
4234
2717
256
4828
651
2874
7991
1726
8835
5381
1819
7351
690
3921
2865
8367
9611
4283
8661
9194
7769
4091
8587
6095
5329
6859
2829
484
7148
7608
4550
8117
6444
3848
237
2037
2140
8224
1140
8133
7062
7057
9895
7851
1448
7466
3666
8927
3501
5175
9837
9405
7617
5982
6988
9547
1340
8886
6442
2753
5107
6376
4860
27
8035
426
2528
2144
1078
6714
6241
2929
757
5468
5221
5475
664
561
9892
2160
2875
7451
6132
9523
9111
681
7747
8034
3054
3540
2657
3859
6637
6971
5058
1257
7440
7917
9606
8168
4441
3427
4512
6518
4209
6847
2992
2817
5248
2258
2566
8017
4500
4245
8831
4651
4816
459
3742
2603
9329
8253
7776
9632
3776
3542
6523
9706
2995
512
8229
4093
4980
8412
4599
6198
624
9751
5828
5222
3887
7465
3178
1686
5548
2382
4924
3846
8148
4739
9804
784
1522
7643
287
3170
5967
1499
4003
1966
9591
3718
3601
13
7995
2781
6784
2050
2720
5826
2883
6233
2362
8032
5553
8197
4956
7697
1594
4818
4756
6251
4206
4364
2673
293
5477
2692
811
1911
9120
6223
7869
8051
4133
7299
2594
5187
4880
4990
8049
8093
7754
9597
595
3704
9181
9910
4718
2871
3105
4688
8415
6755
795
9480
8914
1586
2455
9273
1400
1007
5744
524
5338
1229
8743
5795
871
9553
2498
364
4867
1482
7241
7021
9360
5607
9529
609
9660
2518
2021
2764
7676
8216
8905
2578
1458
9843
5688
1908
3569
9318
6750
8563
4710
8936
5192
4886
8652
5814
9559
3642
1454
5571
5527
3153
4267
5292
3679
6236
1994
7095
8278
41
1666
8006
6103
7501
2570
8799
8410
2944
485
9246
8001
8983
3766
4345
9757
859
5002
6128
2145
5012
3603
3082
7205
7277
3112
9462
9765
5308
3147
4317
3630
7323
2490
982
9771
823
309
1320
8896
5736
3285
7104
6659
502
9017
8472
7928
3769
1748
1244
5569
2737
1011
7042
2295
4279
6188
4979
6059
297
981
3338
9213
2067
8724
106
4360
281
6170
1579
3473
4268
7053
9153
5851
1923
8632
8370
3476
6863
6087
5078
2834
6702
4323
1689
6667
1925
1646
9615
3615
9887
8247
8408
7470
1283
2821
1388
2085
7879
979
6160
1186
9596
414
5361
777
5668
3618
7478
3462
958
150
7165
7178
2310
3486
2942
1492
611
1444
6305
3745
6101
6270
2187
6324
1237
1161
477
9490
4030
8571
9474
854
2485
272
4107
9097
3924
7715
2087
6506
9999
1474
5069
9362
5312
6135
9958
6882
5268
4526
4233
5148
4709
6787
3007
7965
8373
2155
9940
2331
8344
337
2061
9886
6027
9268
5875
9444
8747
7013
6933
8862
6028
9064
4992
3160
1305
5478
720
5900
8277
384
1576
691
2675
3964
5525
7907
6790
6208
8891
8126
9911
9840
148
576
1517
8265
2006
9131
5252
9263
6726
2386
2651
7806
4390
8064
5889
3544
7867
1199
466
3637
9316
9388
4624
5557
1707
5026
1329
8565
9830
1362
251
7077
8369
6142
4149
8336
5829
5739
7081
2220
9883
5454
7291
5466
7462
1246
6824
1164
7231
7223
2035
5168
5556
3053
9832
3837
7827
5522
569
4087
6489
6689
2440
9945
5961
7197
2374
9643
4431
465
2774
2441
4223
4402
9866
1032
2497
3417
6058
69
6469
801
3678
6173
5480
3171
7244
5420
5386
5327
9109
2272
7482
2869
5473
1318
3904
5098
6338
5757
6225
1600
4675
1794
9115
3072
5785
6599
9862
3311
7548
1898
6684
401
8618
5655
1833
5009
5031
4588
3710
319
470
7177
6809
5014
2468
4307
3549
4774
7863
8734
4820
6300
6856
868
4176
773
3910
9192
3800
4196
5208
5945
3649
8209
4814
3906
140
7802
7546
3256
8958
1262
592
8287
2742
8207
2226
612
7448
6410
5588
1706
6327
4817
1907
1030
696
2831
9341
4224
215
2283
3796
1435
4628
3582
5418
5836
3596
5890
4326
8190
6280
7445
1574
8082
754
6510
2593
9551
7632
5463
4578
566
3493
7300
1072
3744
4197
9932
4777
4013
3273
789
8968
9948
8753
4346
8943
6292
8807
7046
8924
9211
880
6497
6308
8522
7064
6013
3283
7647
1580
5336
3458
3732
4373
9620
2706
9060
7510
7272
3593
416
1217
4806
7431
3728
3500
7728
1720
9812
9964
7318
8349
4605
541
4891
424
4575
798
3023
6543
5052
6285
7590
7927
2714
9063
8406
2174
8529
890
1729
8144
5906
2573
7271
8003
1385
6451
8500
1601
9332
9938
8028
6022
3990
8843
3996
5918
1298
5665
943
910
723
4126
9294
7363
7679
2487
7642
9845
6076
2844
7099
3693
4440
6109
1592
7362
153
6655
8627
6641
8923
4650
7305
7530
7723
3162
6571
9236
5253
8987
4791
7835
2760
669
6226
687
3770
7613
434
2924
1735
922
848
6019
6245
9682
329
647
9522
783
2380
4852
2709
7006
6705
3498
3913
4433
5102
8917
4137
9967
5711
5567
897
977
556
4600
8264
7765
2054
2165
4371
2417
2635
5183
7609
5011
6562
9002
4014
2680
7296
7790
1865
8255
5708
7534
476
8741
6047
6411
5087
4119
8183
7996
8705
2221
5932
5028
1301
3971
4310
658
7507
95
5678
7948
849
6638
294
1343
8360
7721
966
1844
9172
5852
9711
3612
8548
6242
8189
7003
3720
4416
5983
523
825
9143
2359
6825
1153
2261
7475
5943
2745
464
7097
9831
1501
4291
2270
3695
7588
2802
1178
4592
2288
5575
7646
5008
7663
2238
4338
1750
8626
1176
3413
8647
8107
1407
4041
725
9466
9004
3158
7496
7425
5779
3214
8043
4900
3461
4423
5295
3405
7746
7489
302
6240
5769
5528
8755
204
3712
7484
4611
3653
9546
8996
1688
1136
8135
3197
8541
3137
3258
5938
7132
8985
3327
8359
6528
5786
5933
6011
3517
274
3097
9794
6553
6348
4330
8696
9122
938
9721
3952
2824
5140
5778
3434
864
2608
9132
8883
2456
6654
291
3020
1698
7547
4974
5532
5824
3578
7146
3269
6628
9542
4887
2031
6063
2009
1537
7549
8427
7214
2739
9727
9822
6367
4572
9406
9712
7634
1411
8309
5516
7864
2317
7180
2575
503
5806
5166
9515
6611
7921
1599
716
6762
5095
245
7260
7491
9555
7984
7841
9509
1313
6975
6016
4169
4383
3335
8794
3691
6585
6296
7474
4051
9924
7494
5313
4221
5937
3466
5349
9255
7380
99
7065
3811
9387
4544
4313
482
7975
812
8778
2769
8816
9092
4363
7341
4613
525
4659
9112
8421
7943
6763
360
5084
6725
9783
6392
4275
2197
8270
276
407
6254
7735
6418
5656
3686
7757
7838
9471
7506
6966
7831
6470
1685
5729
5267
4078
698
4911
6112
9448
1830
3677
6007
4528
3193
8047
9793
8514
9589
2479
4666
9732
574
3901
3536
6498
9699
7605
6286
2066
1071
1317
6081
271
3905
179
3748
3707
2007
899
8459
820
3879
8151
7034
5903
4951
4692
5240
3589
3049
1762
7273
9926
8611
9915
1207
715
59
6769
173
7648
5373
7336
9860
5927
453
7169
8818
6846
3439
4055
9297
6437
4668
3041
953
8347
5750
8524
790
8102
478
2532
5365
4288
7899
9313
1915
8327
4933
6775
7952
5137
4845
852
2142
5449
7210
5505
1037
8628
1080
9595
87
2005
2429
3296
2116
5484
2264
6104
1311
6117
3841
111
3945
2614
127
4106
9108
5551
227
5089
1670
4305
3278
190
5686
3928
1242
7145
6709
2089
9545
4857
3866
49
7810
9975
405
3488
2111
1379
3812
1979
3496
2339
7265
9548
6556
6199
718
4202
1725
1345
8960
1954
7149
1957
888
3005
5676
8986
5730
8008
4165
1220
7976
749
9557
7543
689
947
5511
8551
3481
9908
9023
2246
3628
1939
2500
4181
2954
9877
5100
4637
677
2521
6653
7986
7103
9028
88
8887
673
1222
5035
791
1233
6668
7522
9261
9395
5809
9802
36
1935
5600
4534
8608
1123
6088
4571
3505
3747
1623
6462
2938
8179
3407
4217
1943
7136
1764
6195
1990
2972
131
3532
5565
5886
2886
1879
4246
2825
2043
89
7888
8090
217
7701
3233
5293
7481
9619
4884
905
9873
7535
7040
4861
3414
4024
6167
8901
2973
4058
3828
3881
2341
9811
5794
1731
2360
8736
3154
6355
6164
9136
9498
4447
1172
8793
363
8444
4340
3367
2837
3777
6023
9810
2004
3298
7710
1557
7514
8445
4164
3752
6679
2177
4485
5125
3845
1659
8245
6521
3384
6365
1684
7028
4297
8762
6057
4191
7164
132
6322
3892
395
5897
7909
6257
6421
6666
5873
3042
2273
8125
1084
129
6647
7726
661
233
1254
5302
6640
432
9651
226
6281
1218
2803
3036
853
5637
560
2361
4070
9228
9852
7414
2241
5984
157
6590
9116
9130
5822
3774
6069
4940
5517
4396
1922
4111
7711
1069
3130
7072
7041
6346
3358
2582
9335
4591
4679
4388
7079
9315
9669
2358
4426
2159
5357
6025
6954
5989
8334
8976
2763
5145
3872
7944
7261
9280
8289
8622
1510
2777
8601
2474
8559
6942
9724
6064
1607
4723
2789
8341
4072
8174
7199
6704
670
1180
1035
3607
8054
9469
2124
481
4100
2682
7610
3479
3782
3385
3664
6991
8851
9197
3698
7461
1838
9931
1516
776
4641
9186
6321
9855
8240
6728
7075
2375
1928
1487
648
7423
7922
9601
5440
7910
6222
8719
7385
3605
1816
815
3089
9823
996
5142
9257
4231
5007
9667
6559
4438
6488
8366
2002
697
9581
3124
6416
5572
6432
5691
8676
8751
4379
125
3824
1416
8172
8992
9854
7912
2849
7310
4702
9030
7809
7683
7359
8561
644
6021
8364
2625
4027
2800
3451
5931
1555
1677
7497
5417
5190
2416
728
5121
2511
4477
9414
4768
759
1412
6624
2080
5554
1745
410
9607
7639
682
9742
518
7641
1184
9735
2772
7284
8146
1339
9833
9501
5111
4525
4337
8166
6235
5547
1360
1944
1478
5303
9543
7024
8382
3446
7339
6909
7694
9972
6751
9319
2420
7119
9010
160
8337
9036
1251
9785
4714
9140
650
5651
2906
7953
9621
8869
2
2472
3808
2418
8388
6505
32
1323
2615
9450
1977
9569
7801
1208
3242
5073
6866
8560
5652
672
1382
9272
8942
2478
9613
9290
9465
1048
2399
6393
3733
538
8636
3966
4928
358
4527
6601
845
1031
5642
6394
4242
443
874
6844
7720
312
4830
9518
5491
9980
797
1121
7304
4011
8982
7759
9857
6091
6938
2181
2506
7937
6288
8966
5260
4452
7398
3410
7287
1873
4067
4784
6776
8180
4329
462
9756
9977
7343
234
8867
9787
5108
8142
3730
163
6461
1842
1302
3638
1130
1539
3401
7251
3228
5459
701
597
2923
8081
7805
9797
8604
8243
278
9212
7667
2025
875
4906
5501
2526
1567
5319
3231
3741
5124
75
2484
6644
3179
6792
8539
3386
1465
8989
5722
440
6508
8173
713
1149
598
8320
6070
5422
9598
7981
8764
2863
1578
1319
1341
4696
6841
8055
5972
1717
6967
3369
6873
7876
6626
2654
6005
2227
7599
9420
6969
1358
8659
3563
6925
9367
5405
9421
6342
9180
8038
528
6363
7004
3264
5337
3944
4546
9868
2878
7558
7696
3958
5063
8236
5969
6336
827
6779
4764
5854
9809
4616
5460
6434
455
9901
2463
2909
9284
4518
5119
1477
4319
2810
1016
3492
8884
64
530
6547
7959
9577
5800
68
3490
5690
3817
744
6024
1395
5090
4376
3440
3543
602
3031
4743
7618
9499
916
5773
6770
8837
2378
9189
4457
9725
3946
3423
9184
3441
9568
9171
149
7572
5437
6600
7151
7387
4660
2156
9485
5305
2064
151
552
4744
7972
5633
640
1694
3187
4608
391
8496
4389
9519
3648
3103
8853
200
1073
623
7689
7574
5578
2624
3894
5867
5019
4966
3159
704
8710
6276
5542
7621
7892
3058
8939
2097
1325
3453
4175
4995
751
726
4052
4269
1958
8782
7911
9464
3671
1240
9493
5626
4400
4632
9045
1611
4695
978
4749
9526
5378
4332
8058
5948
4574
8232
3180
3470
1560
5543
1122
6987
8916
3491
383
7236
1189
7561
9149
1150
6071
1437
7045
6369
1166
1629
4039
6910
3609
47
1850
9306
1452
9580
6404
6711
4879
3927
2927
1992
5817
2154
6343
2611
7783
5957
317
4125
7812
4399
2862
9807
6948
7085
547
3633
5644
2433
2685
717
1705
4471
7579
1003
4667
5135
5907
1634
2780
450
147
7126
5514
468
9377
506
3862
4210
5975
4129
676
5266
8354
7768
2328
2059
4677
2274
9397
3831
3108
5815
3429
9881
3299
1631
1282
3316
2161
5536
8779
8031
1513
4892
2733
9080
420
1638
5714
5411
8839
9245
9874
7693
5699
5658
4670
1741
6526
9175
9648
7247
6389
6920
2231
582
1271
7352
5689
2585
7592
7010
3428
7348
917
2735
7138
2932
3077
430
4250
8844
2653
9713
2209
9723
758
3870
5877
1460
3977
2836
4875
8346
7127
3551
9044
8454
4566
7011
4188
7874
6317
6351
8429
7439
3400
8291
1940
8906
3954
7614
2596
9563
8595
4908
1681
5772
8519
8450
1506
1275
5165
262
1099
8683
5874
4489
6275
6156
9468
9440
6525
4598
2501
6400
7503
6335
9231
3700
5638
8159
3156
3442
6267
1734
6898
3295
2839
1040
2068
9773
3087
8836
2370
8800
4864
3885
4173
5671
1895
4200
3688
1690
1743
8161
2243
3438
7312
8880
8380
5883
109
195
1058
7681
6657
5930
2428
2795
9671
8783
9209
7920
9459
5884
76
457
2481
8684
8134
8461
8308
8677
9820
1203
3059
774
1152
1897
2891
6812
1433
3803
1702
3786
2265
6676
6318
1485
9847
6134
6914
9163
9578
625
9427
7485
3929
2892
1304
3048
9411
7486
8566
2277
1100
5979
8409
8971
3450
1059
2344
1079
9158
1264
7227
4536
4987
3382
6746
4910
9460
7939
6540
5428
3751
2728
5919
8754
3210
1608
5023
810
56
7749
5161
6796
6545
9204
7539
7918
5099
3850
1050
2034
1602
1903
3804
2188
4807
3266
6932
7942
8786
3864
8311
2695
9384
1429
3354
8462
838
6820
6002
7155
8898
4603
9214
6381
8473
6468
2751
7301
5278
928
2449
9681
1224
8448
793
594
4735
2649
6129
7718
9904
8301
4573
752
3926
6625
7207
5251
5203
9696
3504
5162
280
3789
6535
2587
2201
3518
614
639
7386
5821
2881
4703
9650
1754
4159
5279
178
4343
6232
112
3683
431
3459
9176
4398
8655
2931
1387
1049
904
1929
6429
6645
6979
2882
7008
3949
748
6332
8123
1821
3056
6340
5257
307
6888
3987
2698
4523
1206
222
6020
8374
6359
6570
4954
3554
7204
5770
2103
885
5122
4435
2128
8424
2496
1719
5832
6670
9803
6399
9078
2183
1128
8673
3947
4306
9443
7233
2557
1383
7434
9430
1292
4079
3127
6944
3668
6012
6221
2186
4781
5163
6097
8780
8930
5471
8814
5164
4445
2854
2541
6043
3539
1132
6929
5573
4953
1371
6493
6793
7449
2921
3012
4786
9053
5617
8808
6443
2639
6279
6795
2224
2015
562
841
2475
2211
8026
7389
1250
2036
8338
8156
3399
2623
680
9148
9055
3562
8192
3443
5113
2056
6033
1430
6617
5189
5530
9428
44
2761
3780
7166
6102
9520
834
5966
6375
4053
6643
4254
3195
8725
858
3325
4606
4502
28
9041
8921
486
7780
2435
6205
6708
9346
1070
1214
9933
5751
3595
6522
2990
7517
7009
4797
7435
8089
2388
9173
1356
5472
2228
1773
6140
7488
448
1790
8825
322
1
2189
9396
4554
5139
1584
4614
5893
77
9264
6675
2114
8442
6172
1540
6515
1307
2725
5286
7016
6994
5673
4511
7989
3942
2303
7160
4664
5173
9935
2286
6875
6159
5439
1622
6483
3556
2401
1680
3883
469
3142
6576
3471
6391
9824
5723
2830
768
5940
8872
9708
866
879
7811
2814
7036
6879
1374
3391
3449
6568
219
1381
986
2646
1740
9582
6448
7338
3585
4934
8616
895
35
6029
5624
887
9070
9352
8969
5407
2425
8065
2983
7677
1215
1856
4032
6184
762
3847
5209
398
5250
7690
4604
9168
1956
892
7787
5621
659
3132
1403
3499
3081
7752
7784
5747
5819
7033
2493
4630
7865
8690
9983
2058
2626
724
8761
9300
3334
290
7871
2405
511
3109
2336
6062
3216
3703
3503
6558
5404
3661
9821
7211
8656
992
5674
2890
5760
4226
62
7808
2321
1575
6449
1177
4166
8042
5441
6681
5991
4177
857
3009
4493
4227
8392
7071
4474
6155
4468
906
6604
8214
2510
898
9068
3662
1877
3182
1674
711
6501
666
1802
404
4639
5804
3075
5331
3404
5960
9913
3157
6316
6207
273
6503
4888
8474
3889
3411
7688
1372
3925
9258
1618
1837
2316
1483
1701
6911
5613
4793
6830
8640
2098
4096
2332
8749
42
6161
1782
2980
5150
6789
4132
375
1937
3982
7682
1253
1117
2970
7541
3502
1818
1874
9962
8795
433
9626
9602
4808
2873
2410
8184
3494
4846
9864
6200
6783
252
4773
5537
7000
4520
5980
6055
8095
9338
3045
2953
189
7058
7186
558
9059
3970
1425
4894
4439
5097
6864
5936
968
7360
1088
3981
4935
4114
2910
6476
5909
6678
962
7275
6781
2908
7818
826
7988
4895
5833
8796
5509
1949
8206
4533
386
3211
7078
6686
6496
1612
3044
3721
1375
2175
8717
2178
7080
1900
1577
5229
8516
8827
1022
3353
7919
2256
9665
8211
6439
397
1534
2355
7830
9890
7124
9150
9772
9576
665
1914
4705
796
4180
4920
6821
7381
1354
4482
7407
6289
2367
303
4937
1193
3571
884
2366
3234
7031
941
821
1127
6131
9719
2013
1902
3270
7583
526
7111
4997
236
9358
4136
5154
1291
7285
3781
2955
3934
5027
4320
8619
378
5632
6124
5425
7367
6409
3015
6815
17
7751
7967
1913
6107
5721
8112
4156
8721
156
9043
8352
1377
4582
4331
567
2207
1507
8933
1675
7966
5109
7225
9256
1440
5234
446
6738
6999
2907
4381
18
4026
1657
9583
8041
5274
5025
4406
379
8693
8205
9071
1643
368
8859
5212
604
6974
6589
2946
4098
743
1885
9781
4708
4205
4524
1693
2447
1613
4348
1930
2949
7415
6456
6176
1333
5499
3420
9919
4113
7483
7121
5367
3711
5793
3917
4642
6773
7224
877
9179
8660
3204
1609
3602
9303
425
9191
7662
124
706
8991
5763
1265
5759
9449
3591
5856
108
5385
2404
8233
6426
5698
8956
5892
1472
2315
5096
7329
5371
4556
6677
2957
6646
8534
1312
6433
1703
1981
3373
6519
1047
5436
2914
5830
1971
2662
1854
1077
2027
8345
6334
3364
2229
7324
1159
7123
7294
8185
9703
8131
8022
1904
9850
9514
7797
5000
8746
2618
2552
6234
1606
5732
742
824
3387
9993
7880
6137
5402
5444
6050
1815
7193
3991
3227
5692
9690
5453
2509
1443
850
6970
5612
8803
7950
4276
2855
9442
1248
2689
2108
5808
6842
4127
3022
855
8644
2403
6229
9260
1367
6111
6263
438
7306
9654
7555
6423
813
4355
8322
1442
5127
9244
2707
6039
2131
685
6143
4303
4128
7923
356
915
6799
8730
325
9516
3119
2122
7499
9190
6713
7712
1965
5574
9435
6504
7542
9009
6993
1514
8284
60
8147
6373
3641
6329
6377
7337
9113
9035
7657
5947
2194
1279
794
3629
7182
5104
7288
9334
8056
6618
504
8910
3309
1591
9617
6295
8195
154
2045
213
3402
9250
5992
656
6509
5920
6893
9521
9281
2971
1268
7049
6627
5675
9641
4881
5060
1247
7700
7203
3014
8218
9692
7297
2127
4555
8249
537
4065
5767
3140
3663
6754
782
9786
5225
8390
1055
1415
3336
4
2801
2119
487
198
4258
7762
2232
9997
4965
6989
9416
3388
4451
4559
8094
2917
9252
5024
626
2458
4178
4278
2876
8238
7230
4034
8434
6968
5042
4108
1699
105
3525
4184
2710
1089
5622
4780
9749
8100
3590
886
9609
7705
231
5641
2708
3235
7201
3307
8348
8073
2306
557
1455
9401
2287
9275
9287
5341
4732
5791
2722
2785
3586
3993
3240
1583
3013
6366
7896
3163
984
4912
3511
6832
2544
3363
1202
1993
7724
4290
6089
1185
3113
9630
863
6800
5720
2711
8262
8368
5546
6936
7868
3715
5695
306
5905
1494
2504
5376
2884
2998
4204
4490
4299
4538
6939
7357
7505
4160
8491
8973
2945
516
2620
6339
8697
4549
6310
3418
8739
7973
7743
911
9472
1978
2379
9668
2845
9714
8750
7906
1661
4909
2398
9956
8136
5849
5070
5188
2588
7374
2515
4192
8268
5157
3079
1041
6299
2137
9371
3194
1170
8575
908
7419
3508
9960
1376
4539
4506
3572
6575
9879
6860
1926
7426
3858
7691
2782
9415
7143
6563
7017
2766
7585
7022
4862
8119
8153
2200
499
257
5928
7192
4295
620
9087
50
9775
2630
6613
2354
5963
932
7250
2806
4955
3478
7839
6239
5200
6390
9159
8310
5825
2480
6077
1024
9894
8542
2393
3268
73
1738
3639
4815
9590
4019
509
913
2984
3914
4752
1347
4444
3943
505
4751
8718
1090
118
3835
308
5775
6181
807
346
2558
8363
260
6804
1772
8748
9704
3936
2659
7039
5888
8275
9141
9239
3513
4179
8623
6520
7082
3161
2784
902
413
9834
3381
956
970
3826
2964
9644
8478
585
3650
7274
3575
387
3027
1848
3279
894
2018
7493
4680
3196
4352
4236
2109
9081
4252
9622
7875
1710
8362
9365
6486
6985
5233
9683
6872
5197
4976
1834
8466
8999
2462
2115
6537
5585
5207
3950
8059
6651
7020
6758
2948
1532
6099
2411
6593
7602
3526
2376
6297
7651
3545
5075
206
9976
211
1724
8080
8510
5193
7442
5583
2542
8517
1252
5017
2408
9508
8455
7206
9560
1015
7951
2049
6100
8199
9166
8875
9409
1410
8758
2123
7179
5988
5040
9722
1589
6046
4321
2718
2444
5044
3185
1142
9345
4488
7934
3143
8164
6663
5987
9011
4918
3246
3669
4932
9121
6261
3908
4653
8735
6802
788
3198
4261
103
8212
2302
5487
2850
4469
3617
4795
7032
5733
4931
546
705
22
4069
145
3393
1453
1619
3931
7346
3676
9305
643
8508
113
5697
8259
3651
3754
6765
4960
4584
1226
4135
9378
4765
2349
6499
8955
9513
3561
7580
2818
6886
4090
9733
8155
9222
8422
3599
9082
7420
1756
764
4719
7761
4353
9269
4583
5823
9988
2345
1488
6271
7
367
180
2812
8433
7098
2632
3247
8350
9088
2206
2396
2508
5271
616
4975
629
182
6457
6551
400
371
4031
6422
6536
8792
8995
6916
2269
2655
1476
4921
1932
202
3167
9828
2233
5176
9489
9344
5879
2583
2721
8
6243
1112
514
2184
5645
5618
1648
6420
7524
2847
1727
7567
2793
5502
2616
1396
8407
2978
232
1368
4508
4993
3230
1737
6561
3155
5584
8624
3362
6136
9687
662
4834
4530
2427
8854
1447
6
4174
2922
2415
4443
1390
7382
3884
3403
8892
7845
4088
6415
2895
3932
1197
8074
2495
9013
5406
4833
5347
408
1255
9637
7200
4794
2743
9386
8088
5519
4467
4199
4657
7670
9827
4153
1342
5593
6403
6492
2414
7188
7400
5462
2291
7854
9605
3116
4631
4048
4466
7528
3878
736
3129
7492
9896
2096
4115
1797
8013
4152
7258
3135
5709
3836
2589
1060
7713
710
6610
7133
6408
1733
4863
2078
7884
2690
4244
427
58
9479
1862
1094
9487
9897
5455
942
2239
7303
8938
6247
5195
6353
1143
9600
1851
1074
6997
9672
84
6862
4942
8633
4481
5146
8579
8203
1067
4967
6127
5594
5552
2767
1346
7114
1365
7198
6514
8239
8899
5681
6151
305
3838
9101
3348
3352
4785
7568
4089
2861
4691
3495
8768
8941
1290
4799
8029
9971
1258
9503
3340
5246
7063
8866
4324
3315
4264
1826
7026
7813
1515
9729
9105
4239
2688
2117
8281
1359
1835
1209
9152
5309
5001
9291
1010
1462
8257
5064
7068
4140
6685
8025
5213
8387
6782
3038
5445
5379
6917
8404
4647
9337
694
733
7239
3632
3557
4341
802
1296
5679
2517
9475
9434
171
7577
6621
5781
5840
2537
3212
3798
8097
6631
3425
9075
8498
2499
7144
6396
5206
6194
2538
8678
3144
9599
3775
133
2986
7821
6976
840
3963
4391
5076
6330
5323
1755
1585
7513
3207
2976
2975
2438
8158
19
8122
3667
1536
5228
1891
1509
4686
3205
2279
9906
3011
6530
4281
6360
6238
1624
8645
9875
3118
5634
393
929
2202
7739
2788
1034
4968
6093
5608
870
1243
1542
6008
9467
5092
7447
8294
7409
4913
4969
9380
4148
1285
9745
7371
6851
8671
3616
5244
4498
9357
9927
6450
2244
8319
8614
4017
9259
8980
3819
8871
8543
5037
5774
6598
5941
3175
5362
4893
3851
952
48
377
1828
4272
5844
7649
3692
3306
4187
9588
4755
7393
3452
9753
5450
4229
5283
9966
4377
7815
2758
5596
7566
9074
1849
4434
345
4311
4962
7540
515
3902
9160
2169
7717
6106
1175
5482
8384
9157
606
9098
8007
4826
9584
3731
5049
9037
7931
1471
6973
8175
355
1910
7137
7709
1968
2916
1524
5356
4889
7822
7314
6406
3583
7196
7326
1183
4308
8562
2135
421
9398
2134
7502
2091
1799
7545
6680
2104
7452
1529
2979
5860
9925
9841
3248
1137
6210
1723
3094
4654
3168
8399
6445
9701
7789
1157
1309
4138
7587
5576
9734
2533
3791
3333
8326
3559
4475
5683
756
4139
1228
9770
8521
2555
1198
8769
946
2867
1878
1568
417
8586
4351
8846
335
3527
4375
8296
9208
7105
2471
9240
4130
1481
2602
1107
4146
9094
6961
1181
2335
3897
4996
326
1287
554
2065
4866
9614
3948
4843
5913
57
5342
8527
7777
8536
949
2421
6105
3665
8823
3039
4280
2190
571
6096
4856
937
5640
6629
8435
544
3370
5997
775
2732
3051
4540
5103
4563
2225
3141
2138
415
954
983
6548
2052
7412
8226
8790
8902
2868
2561
3317
6603
8130
1163
2294
4936
5660
3684
2292
9985
2902
2193
6126
8000
1028
2827
9423
2857
6906
5171
9947
8052
5771
1370
3533
2132
7471
1596
5218
6594
1641
2125
6639
286
9538
6683
6733
7870
8868
5805
4775
3815
9065
4674
6412
3431
4251
1205
389
5601
3294
1463
2051
9716
4697
5603
4315
8756
9747
6507
2121
4419
210
2591
8680
3149
5032
9552
2918
7364
5043
586
903
5923
9764
3070
357
5743
4562
3380
285
3131
4568
146
3021
2180
3350
4986
1775
5155
2008
964
6380
2245
7377
5579
8726
7824
6978
2535
4742
9266
2459
5687
284
631
727
2989
7237
6424
6721
2726
6688
2271
3757
3771
6374
167
130
4619
8961
4408
963
9217
8505
6441
8402
3560
4989
8241
1614
9616
15
1154
7570
4927
1792
8391
3201
3875
3672
5914
428
5952
8198
540
2255
330
9317
7601
6386
3136
314
9410
3073
5079
7417
2153
7852
8685
9534
1027
3580
4293
1366
2794
7737
896
8446
5316
3390
6123
918
3519
8997
1917
9072
9086
6760
8728
3529
1156
926
9624
8507
7974
5062
8657
4424
347
3716
7232
5935
5958
5219
3416
6922
7889
1547
4412
6283
6635
7945
772
703
7366
1983
7480
53
2804
4904
4851
5715
7263
621
2604
9154
7433
847
8776
1179
8545
6871
2941
4655
6119
3238
6995
5317
4198
1893
1888
770
8882
5464
9069
3619
2885
4617
8306
6896
1120
5138
9390
5036
8078
4235
830
7511
5438
8952
4652
738
9952
9594
4870
2738
6554
1597
8269
1814
5504
5911
2253
2913
9391
4077
1811
6357
8465
8513
2289
1860
4926
1679
4634
568
5277
1945
2223
9052
8014
8057
4005
8642
6307
4607
9151
5020
4147
3432
5713
5470
2364
3673
5346
1564
7317
1017
4253
3192
8520
7750
2807
9885
7047
5458
9012
3670
9096
2281
4047
2372
1098
9888
6908
7598
8967
9635
3626
2120
8830
7961
2252
4729
9221
3737
6650
6671
1558
7847
9162
663
6757
7521
6956
9253
8333
9658
7135
7860
5220
914
333
2828
2053
9740
4456
7846
258
1148
7159
5400
4837
7665
8143
4220
3797
833
5223
4850
7619
7714
3359
3065
3389
4905
2507
5297
2559
5318
2665
8821
6595
803
9207
1795
4689
607
4056
5639
5282
4103
5093
4802
3091
7779
2554
12
9114
8663
4819
3310
3151
1991
1565
2240
492
1167
5847
2716
3976
531
7107
4448
1530
9777
4977
9700
912
8714
7684
7131
2696
4683
9968
0
1519
2930
7628
3697
6139
520
3690
8502
7729
9424
3652
5531
4171
610
2391
1394
6110
5942
1598
9210
4585
6171
6890
9067
3426
5261
2703
8108
7935
6744
4273
8834
7653
2572
1445
4978
9093
6191
104
6175
2798
3019
40
7925
296
1892
7616
6354
9006
4716
9135
1786
2219
6803
3768
1526
8994
6034
2257
5693
3341
4460
1936
4939
6083
7627
4656
7512
5876
4945
241
7307
3644
532
6004
2093
5801
7675
6479
2571
4266
9789
6831
2436
1409
8669
6253
5939
8547
8515
9470
2149
4263
960
6984
5486
5320
8418
2956
2965
8787
7025
3477
8744
1663
388
1337
9178
9684
8395
1195
7321
5816
8605
1162
2075
6256
3961
6217
9776
3823
2811
5728
8621
3276
2969
5272
7168
3328
3138
8152
1948
6113
5855
4586
8162
1861
4763
8383
8157
1566
7509
9417
248
3409
6980
184
9544
4963
9001
2204
1111
25
9674
9270
9872
6533
2681
97
3579
3918
7270
4421
9657
3587
6557
6805
3682
9311
1270
2893
4687
6414
2911
9902
590
418
8149
570
893
7217
2130
8752
4085
9623
4339
9484
3255
8397
7292
6718
1493
2208
2278
9813
3191
4497
1114
5953
5300
9342
2523
4442
3842
5086
8481
9916
1204
8812
653
7526
7495
5496
931
8593
584
4726
9226
3099
7666
8165
4409
6951
2329
6051
3953
3998
8937
264
471
4334
5461
267
7890
6652
5226
3907
5133
876
8377
349
1789
3346
1116
4699
3634
5841
8879
6006
1401
7725
3374
5978
6125
9145
5518
1934
2357
8426
8555
2419
5403
7319
6857
6218
5734
3658
4294
8027
5343
6739
500
9289
1832
9604
7455
2565
100
2446
7913
2280
4991
951
1293
4929
79
8016
5802
5290
5812
8570
3750
4372
90
6788
1952
9326
5238
8351
7685
5615
6186
5864
6950
2196
9535
6876
7460
4949
7844
1468
282
1916
8302
1038
5503
829
5495
3265
2951
4365
3260
1272
5545
5625
7955
3357
5180
3767
3546
3272
6471
4762
1909
6065
196
2001
115
779
1008
1988
5803
8757
243
9496
4222
1997
9478
4494
654
1836
510
9859
3746
9079
5529
5908
3920
3145
9027
313
5752
8949
7060
5307
8760
6078
7536
8431
7229
8187
6935
6482
2494
6196
6053
338
8196
3244
7208
3448
2579
2729
5831
8877
5959
6347
2958
8070
6848
5870
194
2342
169
8040
4746
989
2627
7118
498
7819
6362
533
8222
3840
5143
1212
7120
4059
8802
1947
4170
1528
9227
9229
2296
4309
7069
9234
9454
3028
1759
2249
3166
3802
7946
3788
2822
7660
593
7550
8525
6615
2348
3033
3534
8019
2179
1933
229
4701
6260
2539
3685
9095
9402
5895
5650
2900
382
4104
275
4194
3809
8809
1146
2088
7479
1101
3806
289
437
9504
7915
7814
5413
7472
5718
1012
822
9759
2003
3326
6712
3724
3372
6319
8443
458
5904
1652
9737
9491
5256
5538
4043
8582
4712
7736
336
8414
3939
23
3267
4455
591
9382
9372
5085
7883
6912
7825
7527
1480
3552
5704
2350
3568
1349
5512
6481
1678
1649
2846
6940
9285
9884
7615
5230
8888
3394
8452
729
1525
292
7268
3152
9689
186
5562
7152
5126
8451
9389
7672
944
8365
8132
4037
29
6808
6227
4461
5106
5807
82
9818
3659
9612
4829
8204
7429
489
3565
2599
8371
9720
3312
81
2070
4896
3856
8316
7220
3801
4916
5280
542
5910
6838
9593
9366
8798
993
2095
9808
7083
2488
9558
5358
6383
7463
5857
4753
5882
7001
8170
7023
7397
6080
8045
7680
4358
9905
8913
8694
7416
4902
8738
1353
7823
5811
2424
1840
9310
3332
1752
3988
316
3755
7532
402
735
7280
5153
4028
2445
2311
6826
9215
8250
5490
2683
5783
9005
4548
5869
1009
101
3223
5568
4994
5727
8990
5030
5717
1692
4947
8518
9638
3040
3994
1331
5067
7886
183
1093
8635
2191
9320
4943
2482
7257
6272
6264
94
957
1459
2505
9586
3827
5123
5591
488
7903
817
6861
8925
646
7997
5132
5321
3412
9062
596
3611
3764
4787
8959
5416
7604
6306
6158
8667
9404
4941
3547
7302
497
2702
9383
192
3203
9292
8668
7877
9188
1651
7096
7110
9040
2841
1249
8597
334
9029
6673
5350
1523
5820
9532
6118
369
1654
9839
177
5243
4529
3169
3000
2896
8856
2284
4640
8540
8479
3645
3259
6703
5201
5351
3696
7788
7980
7581
9878
2700
3485
3727
581
3680
7734
3088
1286
1042
3818
8965
10
7438
9385
4658
1548
2754
8440
4241
1168
6901
9399
9989
3643
4801
5559
7311
6700
321
9846
3457
362
4915
158
8335
2210
4958
268
2373
7640
7727
8533
8482
1087
8176
2962
4325
6337
5611
4504
5725
1097
9446
9196
1062
2086
3150
4186
7242
2950
630
1033
7372
7766
6642
9628
6204
3322
8356
277
8770
3647
5294
2644
1082
110
7902
6569
5951
997
3795
7708
2234
927
3753
4761
199
5489
7940
9939
2334
4565
8458
30
7755
1763
5901
9177
4832
3421
8576
923
861
5275
7243
1980
2351
6945
5868
5359
8607
2940
3849
6385
2442
780
9046
1621
549
1420
435
575
6274
2046
7554
1918
948
3392
4050
2353
9695
9670
2576
7778
4707
7954
83
8447
4162
1783
9220
3895
4486
808
2888
6320
6778
7457
9225
5131
9575
7591
1573
7933
6014
3813
5558
6282
8328
4483
8068
5510
6010
3093
4766
4458
7669
5915
4122
869
4342
9957
4760
693
3262
9376
6592
496
8852
3345
3957
1569
8292
991
385
5493
7958
8720
5762
5114
7983
6816
6487
1931
6743
9167
1518
5254
2530
4374
1747
4420
5599
3980
8258
1604
1174
7686
9835
1813
4008
1855
7216
4919
45
5924
6797
7520
9249
3487
8009
4071
9325
409
3444
460
442
7281
444
9680
1295
6066
4519
1637
9768
8067
7490
8324
8304
2409
6698
8403
136
166
6734
2172
9865
7606
6918
1871
7936
3660
5354
5185
1863
5298
7248
6325
7325
5249
8512
2300
8606
7089
8829
4720
9356
3172
8104
4731
8425
3397
5956
3706
5065
6116
6048
7170
9936
4277
4417
4328
4903
2486
985
8357
3573
9634
3222
5541
3876
4378
1145
1191
340
3104
4946
8811
7383
9769
2352
9085
7219
628
2864
5360
7702
3052
6467
1020
2217
3133
1709
7897
8615
4883
9219
5057
9541
8948
9710
9321
1227
1332
1256
9492
2741
1964
1113
3199
8984
3225
7673
4715
9917
121
8975
8928
7962
7215
1636
2385
750
8033
1744
5818
4982
7753
8931
3257
842
3217
6387
4738
6395
6388
3631
9441
1278
1872
8389
2014
5285
3342
9659
7853
7855
1417
1708
8140
786
2842
4292
152
5149
9625
9903
8904
3313
8375
9686
4259
8820
2925
7019
7960
9407
9974
1239
8401
240
4142
3805
6840
2790
1562
8305
6747
343
9230
1508
4463
7560
8767
1942
8231
4569
1182
6157
6977
218
5922
7384
6717
3570
1628
6541
7331
4247
1389
4265
7893
2079
9218
7551
4665
1500
6384
4237
1450
8475
6767
176
8106
6616
5798
78
1321
4636
3717
8191
2423
3308
298
9899
5469
4410
8020
7185
2514
6092
7066
4596
4193
7593
6981
7464
3625
9943
3930
7840
9666
3319
6591
7154
5289
8788
6485
8235
1817
6169
2713
6473
8307
3004
2152
8716
1096
6990
4430
8858
1397
3592
9099
9235
5452
2381
6224
2629
1667
9991
4006
7128
7573
9870
6818
2668
3095
6894
4662
8922
1563
9652
4033
4301
359
4750
8353
7829
5237
9567
7941
3749
6255
8649
7102
9698
7817
2019
2314
9844
4541
1284
4274
6115
4336
6623
7771
1760
7703
3874
2775
3574
3584
5827
8002
3184
9170
5643
8441
9299
1846
1266
2569
5217
8210
4882
3146
8585
9104
5719
1883
6463
8486
2799
7719
5566
3708
8484
8979
8076
765
2094
6692
4733
987
6084
7979
6511
6182
8251
3955
4045
8252
9752
513
6075
354
9778
6759
8637
4249
6032
7396
6658
1998
5430
2905
8378
3046
1434
2640
4230
3122
9274
8506
9
9726
8523
4747
365
1467
9174
2062
8215
6899
5056
7623
3174
2610
9201
4595
4730
2242
1691
6192
9502
4001
3086
5269
5061
1315
5916
2652
3882
8526
6544
755
6695
8682
7395
5394
96
2356
3821
5409
785
9923
4869
2216
8596
6138
5199
279
2319
6491
4061
5865
221
5423
1987
8832
6865
1446
2136
7141
6427
5950
7625
6287
2562
4004
5353
1843
6998
999
8574
8037
2492
2452
2899
1556
891
2757
6214
8981
6672
2693
2747
3302
6777
9819
8276
9368
74
835
9369
4472
1238
6056
5971
1541
8419
4693
5680
2237
3861
119
9144
4492
4645
7187
3969
373
1422
351
5265
9286
5211
6197
5861
2597
9760
9476
4155
9800
7575
7559
4724
3516
7552
6452
1543
2235
9755
5433
1581
6794
8213
33
7195
8848
2634
6291
9738
324
2426
9032
4344
339
655
4422
5077
8774
5609
7418
8489
7620
9283
1732
9801
6780
9243
8430
2752
3974
9164
3588
2852
9851
2939
4907
3960
3035
3538
2199
6036
9461
5735
4243
1535
3912
7607
4521
4648
2262
8715
8193
2715
5740
3447
1326
4792
1267
4095
4840
7594
4868
6315
2527
7964
9126
6153
2106
7283
5667
4713
8706
2105
80
1126
320
4509
1822
6836
7376
889
8453
5262
2222
3566
7557
3209
7508
3923
8261
6636
2994
9709
4609
3576
8116
3915
5764
5130
2212
394
1894
7175
7344
4950
3376
7427
4401
7796
8695
1335
9102
6723
9500
5324
4503
7563
5912
9942
3430
2368
8471
9202
9156
8061
2820
9155
6094
1896
4690
1887
2195
2694
1484
925
8602
8815
7070
6813
2546
781
2236
5306
9336
7637
7731
3860
4238
4872
1774
2443
2560
972
3356
2394
4116
7826
2023
3117
935
6326
4778
3018
9995
7652
6716
1912
1559
5540
1920
9426
3465
4120
9550
1399
1303
3347
7158
7269
3614
449
6163
4495
9199
9561
740
2577
8120
3239
6378
1281
311
5204
5707
220
4386
6827
9431
212
5768
9880
9986
9314
5738
990
3337
9033
93
2669
4035
7612
8314
579
2343
5500
1722
2991
642
1961
3509
6269
2307
1102
1306
7518
247
2016
5311
3305
2203
5646
1778
7256
5636
4901
4000
4257
117
1263
7293
9451
649
2309
5962
1105
4369
6114
900
7862
197
7576
4505
5446
3034
403
8323
2880
8092
261
4020
3128
3865
225
65
8860
9185
8878
4080
11
5479
934
3134
8283
6458
4633
8573
5894
7355
9445
5605
6000
4021
6580
8953
4577
1019
6564
844
2248
3784
4579
4516
7316
2141
2143
5534
3763
3085
8115
7595
8702
7630
7456
9730
9327
8909
3078
9914
9364
1984
9592
9455
5005
6003
3043
9946
3292
7035
5564
310
4809
6706
8113
5881
7259
4597
4036
9697
239
126
8480
572
1683
9452
9061
601
1384
5549
5627
4118
2476
9996
7914
9106
7002
9640
5194
2952
6259
4285
3398
2605
1225
5577
2676
4064
8712
3263
6927
5835
5797
1901
7226
6596
8077
9107
5614
5205
6298
8915
2773
3973
7968
8651
7309
8766
6312
5270
8248
9959
1633
7444
301
6883
1373
3284
2139
1277
1427
9339
7113
5390
9486
5696
1946
5287
1232
660
2567
9934
8063
5635
7764
66
3024
1504
4769
5241
2840
2412
9375
8894
9705
3621
5872
7611
5242
2297
8228
2524
7266
7898
7122
5977
1995
7342
2047
1241
9477
8194
1853
6183
5443
1489
3729
436
1057
998
7184
5325
3719
2996
1718
5810
5374
2762
107
4016
3293
9655
8439
778
8449
6364
1479
8023
2112
4543
1138
5837
1355
8772
2422
2215
8048
7582
8169
3071
3743
9393
763
9642
1133
7410
6552
3675
7347
9675
5974
406
3890
5239
3975
3343
7926
1449
162
1642
2011
799
638
1068
5520
9920
6771
7255
4685
3714
8186
128
9495
4054
975
9743
1544
5899
142
9531
8532
1996
8962
5887
4327
3252
7330
1919
3318
3055
4531
1757
7308
8625
9636
9038
6072
5136
924
6052
6345
7453
5523
7436
4510
1363
2060
3530
6828
2457
1423
9278
6941
3594
4621
2823
5993
2809
461
8885
7861
529
5780
6079
8620
2113
4758
4564
2032
9437
2072
4831
2779
8091
521
1974
4669
3460
3067
3047
6529
901
9717
1798
804
7733
8511
6924
619
1211
5369
9780
921
9014
2853
1039
7202
5513
2247
9308
8850
6822
4240
5451
191
8890
7171
2650
2390
116
605
8413
6189
2664
9302
9533
9944
4800
7949
2590
4736
6215
7276
4551
5431
1554
7076
507
3286
2074
7916
4038
9182
8358
5753
5494
1274
8477
8468
8629
1779
7849
2470
1876
2251
5705
3445
3810
6837
1973
8075
8600
7800
4625
6407
39
5492
8688
4622
8313
8974
37
4459
3833
2167
1616
6230
5590
5995
641
9973
2033
2679
9891
9603
6398
6609
9629
3855
1144
674
2312
2656
9758
637
7458
3076
6149
3396
7596
7422
5623
1119
3873
1655
5670
72
8599
1066
8062
3080
668
6665
9767
2431
7843
2522
2323
3900
3349
8900
447
8127
6891
5610
2935
699
4847
4671
1210
766
6425
6958
2595
6868
7476
4367
4044
8011
7279
4110
6885
138
4649
1006
4496
7209
5101
3321
2727
1632
8861
5184
1884
8256
1213
3271
7088
6502
3497
2783
8598
3437
6996
5415
9267
6178
5419
3984
3236
7356
6150
8838
2584
8552
7858
873
4923
7586
6372
9361
8950
4514
7014
2592
9084
14
4629
5782
3483
7786
4040
4168
5653
380
5955
5741
4395
8285
5330
2963
1261
3297
4163
6402
2266
7947
8295
2607
2448
5332
4425
3785
6049
4404
814
3762
3740
3148
8957
9858
1000
5377
4825
5712
2564
9741
4772
122
8103
1960
7392
4858
2461
5182
6946
6691
4827
376
3613
3243
519
6193
5435
3814
9585
6719
5345
7654
9836
7722
7866
8742
7404
7173
7556
473
491
7905
3935
9645
9941
5986
9034
4405
8272
6774
9146
573
1324
6341
5521
165
8583
4959
1276
8912
1064
8470
4413
6662
7516
2084
1414
965
5474
4049
5526
6884
8556
8060
4228
9324
2071
2982
5202
3896
8946
4029
2110
3610
9277
1231
2894
6605
1330
9247
3008
1700
4811
4877
6749
1669
9422
9103
3061
3646
2658
4232
4810
2305
599
4898
760
3627
134
5364
5421
4203
8096
6209
263
7589
3126
1605
4213
6582
1617
2192
4824
2519
250
5291
6845
7094
8469
2999
6108
8944
9649
3139
6983
1673
1962
8271
5766
7391
3287
2848
739
9978
6897
8260
4803
3339
2451
8538
7774
8098
7836
4684
4470
8010
6009
1464
686
4842
6858
4706
6731
836
3995
9007
6732
3475
657
9788
9282
7350
209
9961
4333
4075
4610
259
3839
1334
5015
7998
2563
5838
6736
1361
2901
9691
1106
1380
4917
6122
8476
2851
7163
9849
1829
7007
8138
4972
9279
4552
480
2299
3636
5177
6031
8083
8785
3106
6258
6455
1749
6311
7772
2699
8675
4925
5842
2520
5429
9439
5046
3098
8501
6237
7286
8920
3854
3979
577
216
9288
1216
5761
3281
7837
1572
4790
8801
6466
1800
7162
8704
5232
6986
7792
7289
2083
5389
1398
945
2158
7172
2525
3331
474
2340
9517
7763
4964
1801
9304
7832
4532
7758
4646
5144
5999
7658
695
1768
7073
1875
6133
7252
2551
5117
2581
8494
412
5544
6313
9127
9076
6220
2612
2464
1155
4741
8964
7441
2928
2012
8857
9627
8492
8039
3940
4499
3778
6216
4988
792
6162
3092
2677
5570
1075
6166
3291
9124
2704
6764
6265
381
2477
3723
4446
2400
2904
7354
805
2397
4025
1650
6174
1713
708
2301
7908
4547
3300
5120
622
6839
8504
2041
8004
8940
9965
7882
2020
7523
9574
4638
3985
6130
7957
6902
4704
9090
5314
2988
5082
9639
4590
7240
9353
9564
6328
5214
5397
2387
8639
6550
5765
4207
223
7315
4635
6895
6147
3891
6612
2100
7222
6745
3277
4131
5777
2797
172
8643
2815
6949
2756
6772
6085
9922
1065
5669
2101
4517
5344
4322
4871
7134
7924
7181
4957
2746
4844
6573
9343
5465
559
6250
3555
3229
3829
8372
6833
6849
5539
6141
3844
2017
9408
3351
3834
578
5965
6361
753
2723
3237
1328
3687
7406
2313
2543
7678
8934
7687
6228
9779
6015
2598
8646
7262
7249
5068
9506
3759
4859
3176
266
7504
6874
7473
6963
2176
2073
9963
6397
5845
1350
8911
9018
4384
4112
1627
5581
9117
7174
6480
7650
580
7125
8053
3366
3807
5281
818
7437
9418
7732
9497
6555
4076
2663
6165
8457
6972
8274
1808
2580
7112
4612
9276
3125
8797
7695
8200
1751
7446
907
1402
7218
6649
936
4066
5891
3406
7885
2912
4270
1269
6379
7411
7597
7878
8733
7699
9359
2437
8332
1103
7189
1187
8488
2671
7519
7795
3365
2057
7153
7993
1587
6878
5582
1553
6474
4721
423
7328
1771
2556
4938
2961
6177
7674
8707
6201
8687
6431
909
2792
6852
5716
2787
4615
1391
7756
737
6855
1259
9565
7378
9349
6694
1858
2434
9537
1496
8066
9139
5946
3825
1378
6219
6957
9524
1085
4185
9540
5259
5054
9984
5598
1781
1419
8202
5006
603
2860
5299
3863
3017
8612
6490
5304
1967
6768
1899
8662
8046
5649
9187
7704
5834
7698
5393
8044
5352
8588
2819
7421
1061
1438
6892
5328
38
1054
2465
7661
2776
3820
8220
2168
2601
8919
5788
2298
9528
5934
7334
9233
8893
3377
4914
2967
8141
3962
4385
8225
6018
9232
2731
1845
2040
8577
1647
9488
3959
7638
8918
5902
588
7245
2467
1490
1753
3064
3705
4535
6656
2750
7147
617
9718
1847
8420
7450
5041
188
1294
3515
8217
2308
2724
5442
7183
5355
8288
4725
6512
5118
995
9039
8558
2540
3220
9554
867
3371
9530
1841
4172
4214
1322
3600
1424
7584
9990
8970
1470
6622
8572
6588
8111
8005
8775
1590
2022
3224
4681
1436
2082
9021
1985
4537
2151
2670
6054
5196
4161
4123
2987
860
2621
8499
4201
6720
8223
67
5754
6697
4350
8674
3456
4063
6633
9394
9482
1852
483
4394
633
3323
6144
2643
6090
3972
3274
2326
8279
1999
5050
3765
3206
7636
8208
5944
5589
8286
8828
5334
6730
7052
4109
5088
3822
7600
1289
1051
5560
9715
2672
4356
8417
419
7804
3909
7932
6231
1714
3553
2826
5080
6753
9633
5191
2489
501
9054
959
9016
9610
3003
4759
8723
2977
6729
254
6835
5929
4627
7388
3066
5216
9223
3999
4212
4838
4145
920
5034
5878
5447
4728
6484
6413
3756
1129
4464
9970
9066
1521
9693
3
288
6534
9265
583
3030
168
5273
9312
7157
1386
2044
6921
2877
2740
1141
7760
5483
7027
5231
9128
8411
475
9019
2619
7562
2090
1671
8394
5620
8405
2469
2660
6472
8154
522
976
9328
9073
6930
2028
6249
8085
2512
8581
4727
5116
7633
2076
6290
3983
9056
9354
5976
5724
2903
7349
6887
9806
8833
2981
2872
6620
1115
4581
4558
1767
8012
8692
1889
9792
3213
7881
994
6301
3029
4436
4432
6701
2960
6586
7799
2744
6074
4316
5091
4711
7963
7692
4081
6478
1868
2550
8177
352
1110
3037
5383
8954
6880
6152
5414
8315
6574
4097
4357
8567
1418
4084
1046
7100
5595
4722
2118
4380
5863
7706
6098
1469
3598
8438
3537
7929
6619
9238
7061
4271
1520
8069
1002
4018
2413
5427
3324
6752
9348
2628
144
3689
8654
5398
7578
2897
2633
452
7044
6634
5141
214
2026
7994
8889
7029
7553
9456
6587
159
3202
4366
7115
1441
224
9161
3069
4745
1511
6614
8036
8864
3521
8118
2889
4304
4157
5497
2712
9871
8079
2796
7313
8929
8609
3635
9505
7050
1603
6252
8689
4287
9766
1135
8084
8789
3474
6454
253
9241
883
9929
3548
4151
761
1026
1959
9198
5866
1201
1219
5648
2843
7054
3060
3188
9511
1921
270
5746
730
6026
8537
9921
4930
348
1545
2997
3110
5787
4973
9003
3368
7770
7030
6430
1461
3694
207
4545
4362
2993
3922
3773
8638
55
6266
7857
8273
8280
3867
3701
1969
6567
872
4094
201
4776
3261
5985
3967
9799
479
7390
5616
5970
1950
8650
2600
3726
9572
8590
7873
9340
745
6475
839
9307
4225
3275
4717
6578
3951
3760
4083
5597
4601
1953
8343
6120
2369
5880
8293
9867
1839
7212
6660
8765
244
634
8845
3436
6513
9351
5926
5370
9992
2920
527
5871
3467
4823
344
6067
2768
390
6823
9570
5663
7228
9679
3656
7150
8050
4465
4415
4661
7015
6722
9458
5159
8317
4673
8804
800
2898
3280
2164
9015
4822
5210
7087
6928
8709
4101
9678
4854
8381
8672
1805
8863
9050
2765
3871
7267
3378
9805
3919
228
1043
4700
5432
2915
6314
5227
8610
8150
5858
9791
9403
6459
9829
2778
6819
5508
7645
4576
8791
1475
9374
5792
4393
9848
1056
6438
2010
5029
3535
7850
3736
3329
3772
1165
7969
9912
2107
6791
1260
6524
6428
9089
2290
9242
5255
6992
5524
5322
4092
9373
4189
5700
1125
1870
7842
5848
7971
2586
1658
3001
9419
3604
4219
9688
4897
9739
2816
8740
2736
5756
2926
8932
2856
2719
187
9876
6674
4143
4783
3330
6213
3992
1160
3623
3068
2260
7432
454
3880
4449
5047
1147
1970
3739
6060
1234
1426
2042
6934
6464
6953
9782
366
8490
4948
5169
600
9579
517
2268
141
9900
441
2870
372
6811
2171
353
675
5631
6669
3484
6294
9979
9433
632
5375
8188
422
878
1820
9750
1711
7093
6881
3164
9656
2214
5
4484
2759
4068
3290
3111
3799
2531
1245
7782
2686
1704
1151
8691
4023
8266
1392
5846
2318
1021
539
1746
2638
6477
709
9646
2259
3241
955
6542
1770
4354
8841
8613
7109
3232
283
1158
8634
8105
4102
6440
181
8182
7930
2048
1351
6572
734
615
7106
7056
3734
5181
4971
950
6323
6959
7282
1533
8865
2304
7298
2213
5016
8087
6829
2063
9123
1780
1736
5301
5147
6853
8329
139
7569
8819
6494
4602
1924
1300
2606
2163
3681
5258
5921
9987
120
4012
3115
6371
8977
9556
3869
1976
2838
2377
4626
7092
7487
4981
1431
7525
4805
4623
9728
714
3215
6417
1676
4190
3738
8267
429
2545
543
7664
3249
8072
5535
1439
9083
1223
2491
1788
3911
5264
3379
3541
1173
7644
3506
1804
3916
4361
9930
9262
9118
2263
5998
553
8330
8234
9661
4167
3713
5263
8824
8584
3424
6516
1626
9707
5629
3454
6273
174
4387
9251
862
4010
4476
5399
2320
9817
46
8895
5776
5799
5048
185
9744
8822
6903
5672
1831
4754
1766
2832
7424
4961
9673
9447
8021
9392
6877
1348
8303
5885
3989
1639
2282
1236
5288
4618
328
2734
2383
4985
7399
9195
9309
4737
1867
3520
7264
1972
6955
1665
5160
7956
9677
1491
4437
1697
5071
8086
6937
6121
9653
7990
4643
2674
9412
5917
2661
4874
135
7742
6742
4853
6577
8325
9998
8630
3303
8416
6500
4318
2637
8528
9507
9510
2887
2338
5174
4473
2553
8698
684
3101
9861
7340
8376
5664
2347
8071
6146
1299
2622
7775
3832
7290
3254
587
9205
8701
6801
980
170
8947
238
2534
6817
5737
8290
1273
2389
8137
1803
2503
350
8926
2230
1505
1630
6715
6756
6549
230
8244
9774
2645
6607
9057
6331
1086
3830
2813
2933
7327
3735
1549
2943
2030
6179
688
9663
2218
3514
1927
5476
1644
6740
3375
1682
3725
7872
1905
1784
4748
9400
6040
8145
4284
4782
5507
4286
2937
6889
3208
4672
7194
5703
3793
1004
5408
851
8549
5156
9200
1171
6965
4042
7108
9856
5380
732
8603
7992
396
4368
6806
2748
472
6154
5038
2133
9047
8464
2346
1806
8544
439
4454
3558
7190
315
2879
8993
3937
8509
5315
3779
3301
6017
6045
4999
4796
2333
3843
5896
6278
4462
7037
1196
9863
806
4302
6358
2029
6905
2038
4835
8018
8493
8254
2363
6584
175
7791
747
5072
3455
7624
4480
3121
1531
7741
1095
1344
6913
9918
6632
9022
9982
463
1498
3699
5506
331
1457
1014
9295
618
534
1593
445
4890
6465
4734
939
6303
3395
1327
5335
6302
4553
9142
4182
1109
8030
6786
7295
2631
8708
7413
5587
342
564
4876
8631
7074
7816
7500
2701
5022
837
5731
2275
6082
7901
2642
9457
5382
495
1013
8978
1118
7748
7730
7038
7368
2968
2771
155
2678
4215
5115
9110
246
8908
8591
8015
1495
7544
2548
3190
8737
6041
4057
645
1044
3956
1635
9618
1192
7091
1791
4296
6919
7345
9100
1776
6349
9347
7253
1297
9869
7322
4620
5710
1615
5813
4878
5456
8361
692
5839
4428
8988
2324
8535
8569
1352
3986
1083
2966
6900
1906
8781
1963
6206
299
8727
2536
2173
9549
1664
7603
5702
5426
3245
1314
9042
8810
5236
8664
7537
6539
6248
8732
71
8945
4812
9323
3524
1938
2205
5387
6907
5677
1053
6356
5784
6368
7332
5245
8681
2267
5401
4407
4403
4813
7999
5348
7361
8124
2406
7807
3893
8653
9203
300
265
3877
5968
9512
1081
5994
9587
1777
6630
3507
8666
7781
8530
1570
5748
4382
5224
6038
7773
1550
8686
7430
3025
8300
8178
8456
613
652
161
6661
411
8805
6061
5074
1404
399
7565
6867
555
3857
1503
5172
4983
9271
43
5954
7161
7402
6710
1486
4682
6664
3968
6766
3816
9790
5619
9907
6982
5363
4478
3472
3002
6446
6531
6810
3978
6370
5925
2549
5110
9049
7167
2166
8237
881
6785
8679
3622
4767
1620
6435
731
5045
627
9825
933
4885
6202
5685
4663
16
3567
208
5013
5661
7469
8163
4086
865
7987
9254
4587
3709
8806
4312
8578
9816
1551
3761
1610
8594
3523
8840
4899
1451
6566
1986
7571
3100
8396
2919
1108
327
8340
5198
1316
831
8897
548
9664
7938
508
5326
6807
7379
4195
9237
5592
3624
9379
5112
1595
4298
3221
563
819
7401
5789
295
255
4841
2947
1716
6699
8998
8907
6870
5758
3783
4082
3965
9193
1809
3050
9048
4141
