5000
182
4205
3113
19
457
4408
2390
3805
1961
1245
3218
2505
3439
2514
1713
4376
4407
850
3233
4423
1090
4400
480
537
3996
902
132
805
1382
1824
3320
1606
2393
3581
4355
3981
2094
2114
1945
3702
3975
721
4061
4778
2158
2981
1010
1618
4844
644
4369
4112
3332
851
3704
295
4082
4895
2427
2246
1772
3489
4940
984
2997
4056
1993
3073
1754
2610
4827
2615
1321
2429
939
147
3824
4616
699
4524
3587
4093
3992
24
1156
51
3354
2679
2016
1363
2201
3717
2324
2576
1819
268
204
2092
618
1559
2568
853
535
1931
1843
4804
2918
1862
1005
3533
3993
1911
1421
766
990
4545
98
2917
451
1138
2644
48
3720
1202
4800
3597
2834
1448
4372
3203
2007
1081
1927
1970
3703
4958
1401
4428
2490
839
2045
1441
3683
2691
2352
3192
3403
1327
2516
3633
3384
271
1716
3034
3029
698
895
2528
2245
1642
4362
3794
3893
3764
2357
3728
3015
2074
1781
1586
7
4279
1159
1677
3435
596
2155
2654
1537
164
3644
1506
259
2603
3674
3497
3122
4882
3082
4822
163
3466
4114
3447
4873
2369
3137
705
491
286
2263
2700
4659
3225
58
1990
4240
4760
3952
59
1672
1700
4972
169
877
1696
2408
4836
1200
1833
1883
1123
4898
2131
1634
2832
4465
2358
546
4109
1762
2075
3358
4105
4111
3476
3780
4250
1456
4189
4589
4741
4666
279
4244
2950
2613
4622
3141
314
913
4553
4197
1386
2419
1694
1545
1135
2058
2865
2023
2540
4459
1134
102
1328
86
2926
3260
3503
3831
4935
1979
4660
1661
3745
291
1478
1389
4088
4134
3254
4688
732
1283
735
794
2908
1968
2337
1967
4572
2940
3722
398
3337
911
2867
2647
542
3902
2331
1703
3864
760
4206
4963
4939
4514
488
3751
866
1839
676
240
1603
148
1628
2716
4035
1425
3542
4188
1394
3754
3666
1881
4170
1317
612
1181
3914
4020
1009
1325
4253
2147
1281
4985
2458
1416
3802
2899
2921
797
1709
207
485
970
4511
4693
4371
3306
33
2835
3899
1166
738
3265
1376
166
1664
3889
3370
717
1151
1575
1049
586
1499
709
2164
2117
1687
4168
4762
330
3206
29
3743
824
2194
2998
1595
605
2273
1728
4640
1031
3499
2364
3176
2424
292
2276
442
2850
421
3286
3532
741
2215
3341
4386
3958
1991
2116
306
3243
1771
3241
4546
4834
1767
418
4411
4464
821
1319
2200
1101
343
232
4629
595
461
2965
3791
655
2665
392
529
1152
2187
1626
2951
308
685
2559
3005
4482
2254
341
1530
1453
3757
2848
1345
2778
617
2109
2909
3493
2295
786
3387
1337
168
4570
532
594
325
2339
65
4627
2883
1788
1171
2717
3083
3917
4544
3850
4648
3056
1210
1082
4556
4991
4987
4517
2252
192
4461
706
307
2383
1414
4550
4604
452
1318
3909
3731
1237
4841
1110
3481
714
4899
3087
1183
3215
2478
1574
4399
4927
401
3506
3442
1697
2206
2227
579
4776
1732
3272
3100
3317
1149
4171
1128
2657
56
686
111
2751
1265
4225
1369
843
3419
1668
245
4720
2093
1368
4505
2583
867
1741
90
4361
4929
3984
577
3120
1976
1360
1054
2275
1525
1333
4236
1311
702
2435
3896
600
151
1087
803
2150
1749
4146
4950
528
834
3594
3211
3709
4983
333
1347
3492
4579
1859
1950
1190
1252
4159
1423
2415
181
2780
2552
4317
4247
2972
3735
2795
1236
3423
894
4883
4291
4288
96
2492
926
2773
3648
3815
1629
4054
3426
3194
1410
1983
3700
3758
2106
3377
555
4256
845
3904
2598
1710
4547
1649
767
1104
1903
474
3574
3589
2145
1096
139
3604
822
4528
1375
114
684
4097
2139
1764
801
4255
1876
4015
41
1147
2708
504
584
4785
3673
609
2451
4363
439
4312
1780
2711
1878
3204
2706
4280
3596
4703
1213
4853
2695
3367
770
3383
3584
3237
3284
4042
525
2650
4523
2828
888
2157
982
2363
3126
312
2402
4066
3654
4103
1332
208
4108
402
2533
3947
3129
3039
664
2485
3480
3398
1738
769
4786
2931
872
1893
1752
4060
4522
2515
1239
3843
2266
6
4330
2325
1353
3576
4324
789
2758
2991
4735
2234
4463
2475
909
2085
1923
1140
4211
1974
2538
3
212
688
3385
2558
1934
3302
4150
1977
2688
3929
1254
906
2006
4481
4833
458
2741
4675
2009
406
1220
3653
4207
4971
1665
2738
3668
3323
1431
4889
200
3660
1877
198
3382
251
3347
2338
790
1402
3478
908
45
4029
4095
2891
223
1160
2677
2015
2643
4809
2876
2055
1714
952
1262
680
4474
2437
246
3773
1163
4344
2298
1290
1253
2614
9
1132
4343
1519
1168
3163
4787
3821
1783
662
239
2633
951
4555
4308
409
2432
447
3124
2696
4504
2816
2966
4900
2243
3804
610
4823
4183
1001
1622
2551
1467
1987
893
2549
4409
3427
1212
383
2861
1857
4429
2249
1406
3525
3649
3174
731
3641
3216
2616
2898
4314
3989
4350
903
2769
1613
4382
79
39
1457
3136
1197
581
1437
4078
4305
3540
2151
2099
2416
846
4989
4783
2602
1244
2796
977
2774
453
627
2189
1748
2098
417
3580
2880
4598
4906
4074
980
2010
133
3678
912
2798
2080
2872
4696
3801
1498
2391
3329
2986
3682
3011
4661
1600
3227
4599
2989
734
658
3617
4840
3414
566
1660
2292
47
802
501
1645
2328
3787
4548
1539
4957
2740
4686
996
3344
1287
4508
4534
2138
3229
4538
3105
4709
915
2244
1310
589
670
2785
4813
210
517
390
4557
2196
1489
1795
1356
711
2977
768
3146
1208
3048
3933
2316
1879
729
2607
1727
2443
4261
36
107
4704
4763
3738
4318
4483
1889
3701
4452
396
3900
993
3685
1936
2914
3517
3915
1630
354
4597
1011
896
1715
2581
3494
411
1493
837
1450
2025
1289
900
3790
4466
3667
4652
4791
1509
4148
3054
2012
317
1585
774
3939
647
4079
460
2674
3588
2943
4521
742
2793
2971
2480
2783
1226
1900
1763
3086
1929
4335
1330
1750
2230
1263
1854
2617
1681
2013
1797
4201
4646
4471
2742
1556
230
4527
3811
1308
1413
4493
3311
4745
1513
2101
2061
2844
2177
1062
1770
651
592
691
4845
2777
2286
3109
2960
4473
4301
3548
1247
4979
4890
1158
3638
4331
4687
1027
1277
2097
3007
2513
815
4936
4136
4131
3565
1320
4808
2724
4884
1365
2091
2728
665
4271
2855
3418
1145
2947
3064
3343
1994
2046
4560
52
218
4307
3755
1875
2319
1917
4988
1388
3539
3807
2354
1540
4380
4155
936
4349
2481
2042
2622
4260
4930
2452
687
4299
3635
856
556
2274
1956
2824
2048
2486
4803
955
1248
1188
1996
1982
3793
1755
4215
3098
20
1921
2069
4009
4286
3313
3544
938
1720
2535
121
1341
4285
2423
964
74
1162
27
1302
3518
3352
549
4200
4224
4968
4965
176
4384
4670
3444
2746
3094
30
2924
3159
2333
616
1426
4221
1858
1057
2409
329
1742
2689
2668
1972
4096
2442
4067
3277
4701
2386
3395
4142
3955
46
2281
3964
1380
10
1446
2027
3642
1800
189
3392
2175
2961
243
4110
3162
427
1339
1390
4952
4973
4102
708
591
2626
1599
486
4705
311
1131
505
4802
4712
4586
3429
4038
934
4491
2693
4962
283
4443
2021
2915
808
3240
2084
129
4427
1205
4879
3687
1161
530
435
437
3038
4575
1582
140
831
1656
4970
3296
1901
3487
668
2766
4903
916
593
2130
315
3441
4996
958
3935
4716
4767
3796
3636
1611
454
4694
4262
1030
3606
2288
1908
601
924
804
4410
2664
2366
4366
4714
4185
4030
1960
1079
88
3121
60
2236
61
323
4421
4722
2589
1235
3197
2219
4794
1071
733
4475
4278
464
4562
2043
205
35
4498
679
559
1482
3168
410
4500
506
4294
3355
187
2430
4667
4855
4269
1039
3479
2830
1685
3148
1617
2641
4891
4956
2933
4999
1947
250
215
241
4445
289
2377
1222
2018
1785
4178
2382
4876
779
362
3970
1869
173
4723
3926
1583
2962
2077
3111
1299
4179
2761
4908
4843
1550
2403
3062
4270
2484
2817
2217
4566
563
3143
1799
4119
3960
1653
1178
1886
3659
2169
2764
4981
2733
1543
4922
1870
1646
2026
1196
3257
796
4702
2014
4322
1231
116
3407
3411
4336
4319
3006
1623
4273
3739
2638
3150
2183
3074
1627
1542
2753
1016
4651
3806
923
838
4440
4681
3710
1384
4268
2044
3716
3966
4233
2401
3160
55
4771
4892
4080
3151
4246
3295
2590
112
4726
1377
1719
3422
835
1510
3631
3868
4395
746
4668
3289
3440
4736
2611
885
2697
2624
3747
4450
2811
2208
4846
2225
1523
3853
4865
1038
1494
2440
3236
1354
2919
1385
2768
4543
4315
1476
415
1526
4485
1284
4592
1312
3132
272
933
1851
4164
3187
641
4943
2779
282
761
399
3300
3103
1084
4017
736
2441
2775
974
3080
44
2763
465
749
2212
1584
1050
2487
3172
2849
376
2226
3075
4518
3166
2345
1723
1562
2368
119
482
2994
489
3279
3694
3335
585
3652
2507
4419
1890
3353
265
3972
2521
359
4364
4565
4147
4564
553
3425
4683
4657
375
2922
1468
968
4353
2672
1801
100
1872
1861
2990
1511
4542
4631
2110
4196
626
2112
304
1638
2118
4805
2302
3670
2051
297
1445
1486
4810
3573
3557
2176
4966
1305
3428
1832
2748
4549
4715
1367
1064
2146
4230
3556
284
4016
4219
3068
999
1635
1275
2927
4905
755
67
1032
3145
1501
552
2623
263
2280
1285
1793
4944
2571
2017
113
4959
3699
3474
255
3800
13
550
4649
470
3239
2223
4227
159
4858
2034
244
3568
950
4885
1775
859
1326
1216
1811
919
2360
2999
3164
1055
2086
1370
3612
785
3841
1565
3643
14
4673
2735
3348
1829
3008
1792
267
273
2343
2699
3504
4782
1654
3595
3851
4129
4430
2873
4664
4071
1856
433
4851
2577
4734
4357
2606
1296
1276
336
649
1471
3210
358
4573
4160
1855
3865
3898
2050
1174
905
154
2710
4732
4620
4559
2859
1953
4601
1383
4348
4027
377
3244
2499
152
1729
260
2871
4513
2684
3786
929
395
2314
3036
2447
209
810
3628
4044
719
1381
1688
2095
160
1173
2052
2003
3621
4277
2592
1433
4937
1072
1608
1243
2347
1148
2851
4266
599
1503
4241
3570
2546
84
1020
1984
4003
1012
1451
2032
1419
4198
1807
2631
115
2035
2240
3454
3788
4788
4049
1796
2373
4516
3521
257
858
2749
578
1278
4619
2569
2964
673
1721
3095
3809
1570
3662
4862
2320
3104
876
1888
1567
1352
948
597
1845
3586
1297
2470
2760
825
134
707
3507
1631
3953
3147
92
3950
407
3252
3546
450
190
2550
781
2036
3508
3734
3326
828
1581
1930
4167
4829
2797
4006
4525
751
4536
879
4460
678
4306
4162
1280
4052
1966
4210
1529
3134
1029
820
2676
2465
3549
1184
1274
4416
588
3623
3920
3529
1495
4850
2278
4637
1206
4887
3181
1418
2772
2448
408
4728
569
4938
4477
2425
3361
3855
2102
2078
4815
2260
1905
1624
1865
4360
2620
2818
3185
2156
4828
1973
4383
3128
3848
2640
2594
3879
2955
917
91
959
1548
881
4037
3057
4934
3144
3183
4510
1601
992
2629
3897
1303
3290
4872
1940
3545
4359
2209
3835
229
3420
4456
2826
475
3924
2993
2671
4888
4040
922
1198
1616
619
624
3866
1003
4069
2566
2878
2431
3962
4807
380
1699
3593
1491
1686
4258
2307
799
3346
526
1555
4014
548
3028
1439
4028
1816
1918
175
1944
1042
4751
904
4610
3379
4486
4325
3021
2801
4000
3718
4389
1791
3990
832
3732
258
4302
3543
987
3389
1896
3500
3618
1154
1963
3940
3131
233
346
174
3505
4193
2619
2389
2669
3552
4574
2166
2636
3391
2655
2503
827
2253
2394
3676
1815
1117
3585
4283
4199
1806
931
3380
3228
2767
4781
2822
1403
4672
4413
2031
565
1761
4068
3938
941
3456
3541
3671
2279
2305
1504
2113
608
2375
1774
771
4239
4614
1191
2229
1514
141
2063
2853
2500
1153
93
3092
219
3003
2784
4169
1625
1725
1814
4671
2079
2791
2887
1221
3156
5
3679
2038
1933
1068
669
1531
3453
247
4467
3195
443
2979
914
4175
713
1374
1639
930
293
2825
2309
4644
3954
783
3070
1443
104
4618
1075
829
1717
634
103
3998
1518
3985
646
3530
4793
1139
4777
2506
1364
2945
1348
2704
1805
2374
3404
1866
4022
630
4172
1571
928
1651
4923
780
4530
516
4495
813
3849
1826
1522
1040
256
3752
3783
4947
1103
1172
4866
385
3461
4174
71
76
2413
1250
3943
4039
3259
4928
3316
3037
1949
1874
756
1808
3223
873
3458
3133
217
1475
3977
4676
4811
4293
3415
2327
3041
4059
1849
3248
2153
2587
3630
656
3656
991
944
2585
2547
1898
3514
737
2231
1024
1323
639
1803
1080
2630
350
1309
2115
2456
3614
3501
1985
3088
3267
3560
4328
2238
2537
194
3907
360
2572
4238
519
3280
3555
2575
1157
4731
2235
3615
1516
4426
3457
1349
3000
3052
3482
3629
1706
3338
1035
4124
3402
4596
935
432
3969
739
1091
1344
1195
2982
2349
3651
2380
419
2983
4070
431
2536
4710
4415
2542
3371
2039
2163
1975
921
3167
2634
1359
1769
1760
2756
3250
2745
332
757
3115
3723
2089
3157
4859
4492
3839
2271
4385
1782
2100
1704
2901
3887
3490
4401
4789
1964
1946
763
2397
2580
1955
2228
4326
1818
3502
4641
3537
554
4918
191
1527
4607
1605
1507
3328
4529
1852
2889
3553
4290
3961
2681
2185
4499
472
844
4053
1358
4104
4252
2973
3812
2941
4725
3829
3467
2479
1164
2996
4392
4612
290
3200
2265
2498
2534
4287
1496
4774
946
1324
1430
4120
963
3298
2062
1887
495
3789
3446
2903
3646
4478
2336
4264
2836
1837
3622
4677
4368
3085
1447
1598
1126
3283
1056
3603
3116
179
4122
1074
932
3844
2204
4128
3583
2001
4002
1077
1102
2902
1192
4707
142
3219
4839
4623
3224
4341
2938
1566
869
1408
1497
2573
206
496
1167
4926
3350
511
2379
1434
3045
3249
1227
124
2621
400
468
81
4130
1294
4994
564
4010
3119
1698
536
4949
3777
3312
3324
3079
0
518
765
2800
4476
3713
752
1463
823
138
3846
1125
4388
1777
509
2560
2564
1828
1986
3055
2198
1177
672
2508
2858
4595
3901
3798
978
413
1820
3327
2932
4747
2469
146
3575
1884
4857
694
2916
3569
3399
604
2604
3432
4226
366
2553
2407
4327
983
3019
3655
326
1400
3026
388
3627
2317
1288
4820
1193
4195
1241
3803
3004
2975
3577
2992
4506
4118
4588
2719
26
4140
1295
2544
3634
806
4537
2662
3161
2597
1255
131
4490
368
2477
4951
1735
1670
374
4345
1118
4721
1813
1286
2736
4993
1095
716
2296
3689
551
1620
4018
1483
2885
2221
3449
4398
1219
4050
275
463
725
3797
1684
567
2875
3822
4024
1387
2838
2799
2341
3625
3988
1505
1355
4718
2053
110
4216
2939
1379
4063
3875
3416
2182
201
1726
1943
4632
3077
4406
2294
2340
3895
2318
344
4738
3869
2188
3706
4881
1941
4893
280
2248
3928
726
4719
436
1272
22
322
1058
4961
1204
927
1412
1657
3562
2970
3451
2135
3351
2974
305
1201
663
4337
1744
3658
1915
4953
1124
2625
4449
4149
4665
1925
412
4819
573
2384
4831
4801
3424
446
1142
1122
296
42
4519
4697
547
1472
2518
972
1602
2548
3182
4422
2731
1773
1553
1228
203
3108
3310
254
2892
294
4816
3650
4799
3818
531
870
942
1207
4814
1827
3498
2802
2398
3488
2812
4974
772
1106
3369
3828
1089
2303
3459
106
2847
1882
4202
3247
3372
715
4797
1873
965
4390
478
1427
4192
1867
479
1037
4552
2133
1334
1186
2504
2184
4502
3357
1564
1098
1836
3944
3862
2839
1111
2428
1892
3201
629
1233
849
4455
1023
677
4462
1119
3205
4925
364
3847
1587
309
857
2905
2323
2011
184
4868
2877
1521
353
3282
4567
3101
3819
3923
2808
1971
3198
2862
1100
666
2497
3202
1897
1906
3303
1006
2649
1989
2214
1693
2071
3880
4645
1214
1957
522
2608
4912
340
693
2262
3096
1532
4636
367
4655
1484
4764
1860
3877
1420
1790
2959
2723
3949
2211
1652
2502
3536
2207
1705
3857
697
3611
1840
1766
1674
1033
3799
4435
3179
2985
2863
4208
4613
1146
4084
1411
145
3023
1838
3982
108
4790
1034
3664
4432
1270
3410
1786
497
2453
3222
3142
1025
2326
1995
355
2422
3640
3238
1756
1948
3288
1733
3903
3044
381
2400
4127
1019
1655
2680
4748
3264
2562
1396
276
2846
4365
161
2285
62
2675
1835
953
2555
1182
1822
2896
1045
3559
969
4243
231
4995
188
884
1393
4154
4832
38
4242
3959
1271
2556
1588
2399
3207
4617
2843
183
1722
1809
4217
352
764
429
477
4272
4354
898
1176
2881
2752
4969
3360
1702
1435
40
456
3852
4507
3263
1115
4758
2396
1351
4825
4594
3951
3180
4837
3509
1083
1658
3043
1647
1070
4329
4512
2978
1515
580
561
211
4773
500
3409
4904
1997
3199
1978
4007
3551
4911
143
4220
4590
2980
3112
2609
918
4915
4992
3767
2404
3930
185
1942
2041
3309
787
3698
3921
4296
2124
105
2290
4023
2329
3463
572
4531
3741
3436
1992
2192
4539
1560
1644
2171
4964
441
2930
4976
4259
3891
445
3072
3450
3526
1165
43
515
718
998
4444
1779
598
302
3572
4090
3688
1180
1988
1465
1569
1916
2247
2361
4945
3053
449
2493
3117
1594
4151
868
3856
73
2526
3908
2197
1547
3768
422
4835
2420
1621
1998
83
3049
2019
440
1108
3269
1093
2160
4942
1863
4886
167
1269
4282
2523
4795
3386
234
2722
3602
1619
1919
747
4251
2845
3001
2096
1114
16
776
1962
3693
2792
2242
1678
3366
3022
2482
1885
3130
2410
782
498
671
423
430
1304
172
1395
1533
4603
2344
3401
4391
3443
3155
389
3305
3820
3538
3273
3512
3695
4352
4033
349
3619
3093
3336
4854
720
3135
3527
3184
2591
3291
4713
633
2910
863
4310
3854
1578
1203
4321
2255
1951
1580
310
3663
1021
865
2635
4535
2911
4624
4768
2462
3657
1541
4191
70
899
4387
1051
2128
426
2794
384
4086
3922
2193
3477
2963
2928
1589
1848
1871
2359
2385
2567
3842
3534
2141
606
2081
2072
4320
3845
3431
3825
3255
4578
3564
1300
570
1610
607
533
4212
4340
861
3860
724
4902
2356
3304
2020
298
235
2108
3761
4180
3608
414
4141
1336
365
910
2291
2395
397
4724
3097
1597
1462
4907
3417
960
3066
2251
3781
4265
574
3024
1366
816
3613
4695
1170
4031
2790
2762
1335
1298
153
2232
1189
3067
4057
2563
236
4901
99
1473
524
1313
2561
2807
3394
4229
467
1894
4046
3294
2956
4896
1538
120
657
4871
3050
2436
4077
3813
53
3881
4300
4058
3471
2530
650
2837
4561
2821
3711
3140
3730
621
4213
469
4106
3032
1492
703
4849
819
3775
1187
682
34
2216
4249
199
2195
2168
3406
1487
1211
2165
4152
842
4107
2840
3287
4209
1268
4913
1596
3616
3127
2524
4606
3212
2646
2297
4796
4100
2895
887
2122
3607
833
1372
3971
3712
3496
2460
1666
638
2162
1415
1834
3911
614
186
1481
2702
2174
4332
2213
3645
2237
3469
1230
4582
3937
1743
2565
4650
2205
3359
3736
1209
3363
1428
4424
3871
3605
1052
144
3173
3910
2064
2856
890
603
57
386
4231
740
1981
1357
155
32
1015
1002
791
645
3231
901
811
3724
4457
3932
3321
270
4145
4446
4378
3154
2293
2261
1452
520
2687
4684
4454
523
3725
2000
1346
4954
2659
177
3601
2180
4072
1643
3715
72
3177
3186
2920
462
4662
1648
1409
973
1637
4358
3600
4571
1155
4752
2159
3275
3882
3980
784
484
4864
285
4397
266
4125
2220
2525
3748
3817
2652
1810
214
261
2934
1350
4509
4656
636
3550
3566
4769
4690
2715
723
2815
4298
1662
1130
1438
1314
1864
3995
1449
4635
3858
2954
3639
997
2088
404
2660
1342
1092
136
1902
3782
1711
3152
3464
3558
4520
3624
538
642
135
4842
4680
2132
1907
2866
807
2709
3334
3927
3438
3647
4600
2860
4418
3665
4139
2582
3677
4025
1758
2004
4177
3293
1577
1821
4830
762
126
180
3319
4852
3727
3012
196
2417
3256
2450
812
1258
3968
3408
1398
2
2912
1088
4875
4417
4772
4910
943
1215
3792
2694
356
3189
2787
3692
1757
4967
23
753
2595
274
3318
2446
347
4311
1331
4085
2703
2879
4222
357
4274
695
448
2805
2578
2605
373
3827
4792
4540
2588
493
4765
3016
2628
1488
3582
654
3785
3892
3262
3281
1650
3520
3388
1136
3571
4228
4182
3878
1399
582
2148
4931
2136
3014
2682
3153
170
4917
4541
3307
2121
2203
3110
2125
2925
1765
4237
4447
4026
2683
4727
2355
3340
2178
2149
1558
82
3756
2222
2111
1817
2907
4585
3563
862
1107
744
4533
1520
1730
3684
2073
1909
3040
4094
2944
3885
2202
2495
3523
4083
1464
405
4759
2414
1440
2468
2083
1112
1536
2771
4761
3681
2378
874
508
337
3251
1926
4041
512
3591
3214
3470
4012
1361
1561
3069
545
2726
2049
1141
1572
1008
1590
4568
4257
975
1444
2786
4245
1306
3081
2257
4121
2119
3330
1847
4453
4608
2757
3025
3859
836
3661
826
2666
4356
1798
4187
300
1291
1563
981
966
63
883
2029
2301
2457
2673
4351
710
2060
1224
1528
101
648
860
1234
4643
3567
2685
2070
4587
1249
4013
4062
1759
2137
1868
809
1007
750
2692
2995
2024
848
252
2632
3753
371
4779
4817
4157
3823
2218
150
4479
4867
4749
1022
3749
4711
3632
342
4087
2900
2467
128
1632
4451
3894
544
2806
1069
2929
1850
2473
1695
4583
2241
660
3462
3378
1789
4756
319
3188
880
11
3175
882
4405
4494
242
1534
3610
795
3190
758
1461
2179
864
1028
4116
1680
2782
743
2152
4663
2348
1965
4434
1279
2639
4706
3226
4045
2494
4089
730
1004
602
3276
2421
2371
434
897
3013
3325
80
4986
1362
1066
4323
1920
2936
3746
4303
2545
393
2362
4144
226
3672
1109
3733
1701
855
3396
3400
3554
4742
2829
1659
2968
3193
2459
3511
2663
4653
1127
2747
847
3578
2600
4181
728
527
4488
571
1
4766
3531
4856
3232
3510
3592
3270
4526
394
2144
4874
2346
2258
3708
3314
3826
379
3242
2705
1745
471
1260
4591
2107
4396
4342
1823
2028
540
979
1217
3707
1078
659
3017
1455
1544
2445
4806
2066
2129
995
1133
2886
3519
1424
1517
2342
2852
3495
2351
117
238
1458
2765
95
3063
2743
3778
31
3065
4847
2810
2750
130
1061
543
1036
777
1633
4563
2040
4609
1014
3413
299
4708
2210
2277
1116
1935
2181
1895
3322
568
3719
28
3763
1343
4309
1924
269
1194
4982
4437
2282
193
1784
4821
1692
1557
4824
216
3874
2418
4740
2170
590
3345
2426
4489
1844
620
4780
4558
4984
4998
3888
1683
615
4916
2539
2082
4980
1273
1604
4678
985
956
4156
1373
976
4370
3220
1579
727
722
2678
2788
3373
2289
2367
3221
4689
1969
696
3967
4064
1490
1073
2474
1259
3230
1392
3963
2701
632
2937
1477
1086
3626
2076
2532
3158
2730
225
3913
2720
1378
2543
3170
1454
2601
1669
4075
2831
2953
640
3675
2455
3010
3020
3705
3808
2488
1282
3125
3412
4729
473
892
2308
2387
4304
403
2370
1753
3009
3059
3579
118
3814
3744
3876
4730
2454
2103
3076
3035
961
2463
50
178
1546
1734
2586
2707
77
2332
3884
1301
4484
3245
318
4098
4032
4377
2857
4551
945
4316
1937
3774
4784
2142
3308
1000
4218
4628
2658
1922
1329
1592
3421
3253
852
3051
2350
4442
1959
3810
2127
4576
1718
4065
4754
1980
4113
2120
4770
1223
2140
1954
2987
4334
54
701
1063
331
4091
378
3759
2057
4004
2884
1292
4921
1512
2090
1952
4554
1150
889
2948
674
288
1480
4647
1144
4158
4347
4990
157
1120
1708
18
2579
4048
3976
1568
625
4143
1614
303
4593
854
962
4402
162
3936
387
2199
3169
3261
1552
2520
4753
2269
503
4161
4458
301
949
1479
4275
2819
502
3872
3123
4679
4115
3434
558
444
2897
1573
2172
3561
4
3524
2186
4019
2489
2154
428
4137
2059
4232
994
583
3941
1675
4739
2134
466
2033
1831
2512
4439
1041
64
3840
1776
2651
4184
3513
4860
2256
1880
712
704
3890
3089
689
320
3356
2444
278
3740
1340
499
2529
220
1043
2729
3374
2376
3696
2874
1667
2882
4381
1076
3834
1636
2744
988
1912
1551
287
2311
2054
2718
793
3465
3365
4166
4021
372
227
1549
3669
4863
3271
2854
1017
4276
89
1891
1466
700
2618
2527
4750
149
2923
1293
1046
3905
800
891
4203
476
3274
3772
3974
4073
1469
1554
2161
2037
391
1939
3795
37
49
416
3535
2047
1691
2224
264
2913
2648
4135
3448
455
2334
4642
4909
2005
2381
513
1267
3925
4034
1240
4412
3339
562
4669
3196
871
4861
840
3863
1251
2770
3217
1129
4433
4101
2268
4699
3973
4333
643
3138
2686
2388
2541
841
4008
1612
69
123
560
4204
2894
1371
2002
4367
248
2330
2272
541
4081
1442
1307
1812
2250
4404
4737
3765
3437
4920
2190
1607
1048
1846
370
1609
3983
2491
681
2890
3965
2656
4441
3522
4691
2405
4692
2105
4997
539
363
818
165
4955
3362
3033
2509
3873
4914
2461
2949
1640
4682
3867
4919
3165
4234
4611
335
127
2173
773
3816
75
4431
2126
1060
1914
1958
4190
4393
3912
2191
3118
4339
514
675
3484
3433
1199
1067
2471
3934
4897
1928
3381
316
4126
1422
3986
2596
1391
1256
1218
3235
937
1169
1500
3766
4099
4674
2322
4480
3609
2814
4602
3515
3301
2519
575
521
2438
622
2517
281
3405
557
2449
2804
4569
3516
2284
4634
2239
1641
483
3430
4076
3445
3690
613
3376
637
1913
494
3331
989
2321
3460
3299
1724
635
3455
1185
4468
3978
3483
2259
3486
3931
3837
3333
653
4414
1436
3106
481
4011
228
778
2599
324
2412
2759
2593
313
3784
4295
4924
3297
2068
1105
4263
348
2714
1841
954
2869
2522
4698
3266
1712
2411
3475
4001
424
3547
4580
3364
3957
775
4503
4496
1338
1044
253
2976
1085
2315
4497
759
4948
3948
3209
1794
1143
2864
3991
4838
2942
2739
3942
971
2270
1065
4487
1474
3047
683
1113
1591
4581
2712
4532
2809
4755
1853
3870
3590
4869
2365
957
3213
4941
652
1432
2056
1417
4700
1094
1257
3473
3030
3861
3491
1736
492
1179
4043
1932
907
1938
2501
2306
4403
661
2969
4132
2584
2313
3737
4717
3002
125
1316
4880
2868
2372
3234
2574
623
1404
4036
1026
2299
3599
3071
2827
2653
334
3368
2957
171
158
2841
327
2958
4055
1731
940
4346
2554
2087
17
1246
2612
1671
3485
87
3091
1018
878
2310
2627
1910
221
3945
3729
3883
1059
2472
2392
4297
3191
1999
1508
3994
3149
1768
4284
4338
3315
3375
4267
2511
490
925
425
1690
12
3916
4092
3060
4163
1676
4605
4625
3999
2721
3769
587
1679
97
4133
3830
4894
967
2312
3906
4448
1175
2952
2030
3285
351
4870
3832
1047
4757
2813
631
1264
1242
4633
792
1053
507
3349
3997
4153
2483
3468
4214
2167
3208
1707
2287
4933
3084
2434
339
3714
3833
2642
3278
4654
3886
21
2022
1535
1460
1397
886
4630
2466
1137
122
262
4165
4960
3956
369
4289
2283
3979
4047
2670
345
487
2510
3946
94
25
1225
1663
1682
2690
2713
4313
4812
4584
4235
137
2781
947
1266
4123
534
3726
2335
2300
3058
2008
2123
3342
2439
3742
875
2433
2067
2803
1825
1740
2727
3686
4472
2893
2406
3750
2661
3762
2304
1787
4744
2353
2464
817
68
4438
1904
2888
2820
1778
4818
1689
195
1673
2754
1229
420
3046
4292
3018
510
202
667
4138
788
1099
1407
1576
576
4626
4877
2935
4194
2065
1802
321
3178
3987
4975
1429
459
4826
4117
4379
1746
4470
2264
2904
3836
4176
197
3770
692
3598
986
1747
3107
85
338
4878
4615
1405
4638
2870
66
1238
2233
15
3779
3099
3918
4621
3919
4374
4420
1097
78
3114
2104
3061
4978
920
249
3472
2988
2570
224
1804
4425
4977
3721
3027
2833
4946
1232
3246
2967
4577
4932
4394
2698
222
3031
4375
3691
3620
3171
748
1502
628
1121
3258
4501
3139
2557
3390
1485
382
3393
3090
1899
361
8
3838
4373
2637
277
3292
2143
1013
3776
2667
1459
109
4254
1593
745
4798
328
3452
2755
2267
4746
4685
3042
611
4186
814
4173
4436
213
3397
4281
2725
1315
1737
754
4051
1470
2906
2531
2789
798
4733
3680
4223
2476
1830
3078
690
438
237
3697
1322
2776
3771
3760
1842
2984
4658
3102
2737
830
4639
2645
1739
2842
2946
1261
2734
1615
4743
1524
4848
3268
2496
4469
4515
4005
3528
2732
3637
4775
1751
156
2823
4248
